t0,t1,t2,t3,t4,id
1.0,0.9955936,0.9725976,0.90559584,0.81806296,6
1.0,0.9889422,0.9344109,0.8491149,0.7500132,9
1.0,0.98546773,0.9512899,0.8662784,0.81605905,19
1.0,0.9994818,0.9928438,0.9863938,0.9610179,21
1.0,0.9939487,0.9596522,0.8864968,0.7748582,23
1.0,0.9900825,0.948068,0.88152206,0.8065109,24
1.0,0.99463665,0.9726261,0.913257,0.86024034,27
1.0,0.97738475,0.9181217,0.8385856,0.7664575,28
1.0,0.9729273,0.9233033,0.8568317,0.77993554,30
1.0,0.9901001,0.9608369,0.8948726,0.8423523,33
1.0,0.9869757,0.9566693,0.9028621,0.791962,35
1.0,0.9126408,0.78302956,0.58597636,0.39642864,36
1.0,0.9910858,0.956926,0.8948566,0.8345244,41
1.0,0.6490164,0.36821145,0.25348836,0.18393168,43
1.0,0.9205867,0.7815898,0.55994976,0.34759986,51
1.0,0.9691059,0.9229765,0.83297604,0.76687706,59
1.0,0.9771161,0.9017854,0.8230346,0.7539308,60
1.0,0.9985044,0.9897752,0.96649987,0.9385078,62
1.0,0.9391549,0.7641515,0.6304498,0.53040177,63
1.0,0.92690283,0.82357335,0.6994318,0.61590594,66
1.0,0.98263615,0.95400167,0.92639345,0.8688668,69
1.0,0.99451315,0.97723866,0.9438349,0.87397295,72
1.0,0.9990968,0.9937828,0.97277266,0.9462939,77
1.0,0.99670225,0.9826655,0.9574916,0.92770696,78
1.0,0.9270811,0.83558947,0.73526716,0.6304953,81
1.0,0.9869974,0.94235736,0.8796095,0.79115725,85
1.0,0.99438226,0.97403866,0.92195076,0.8806282,88
1.0,0.99807084,0.988378,0.97510254,0.9547532,96
1.0,0.50923043,0.3532275,0.21016338,0.14190993,101
1.0,0.94077605,0.8430369,0.69754064,0.60329944,109
1.0,0.9934521,0.98080206,0.96208227,0.91483897,115
1.0,0.6027873,0.4205628,0.272576,0.19010524,119
1.0,0.9768714,0.91819155,0.8503932,0.79504025,121
1.0,0.9404437,0.7778155,0.66133946,0.5699665,123
1.0,0.99843234,0.9829514,0.96171117,0.9234782,125
1.0,0.99513865,0.959802,0.9121625,0.83670735,126
1.0,0.99530417,0.9526882,0.90183717,0.83836204,131
1.0,0.6800639,0.44485736,0.28677338,0.18477722,134
1.0,0.97101396,0.90383536,0.84311616,0.7580621,136
1.0,0.99694026,0.9841452,0.96115035,0.9215564,137
1.0,0.9994128,0.99261737,0.9806262,0.9604771,138
1.0,0.9989427,0.98707867,0.96875215,0.9414304,140
1.0,0.52228796,0.23675437,0.14003897,0.07989451,141
1.0,0.9920252,0.95097995,0.8937789,0.8441416,144
1.0,0.7893196,0.6367808,0.48215654,0.3074016,145
1.0,0.9936414,0.97179127,0.932783,0.88762873,148
1.0,0.96396726,0.8229544,0.675392,0.6098927,152
1.0,0.9848189,0.92967,0.87886745,0.73901296,154
1.0,0.9620173,0.8613897,0.7978862,0.6966501,155
1.0,0.9774416,0.9307014,0.84156895,0.70045567,156
1.0,0.98632026,0.9546646,0.9185115,0.8608805,158
1.0,0.8957046,0.74836653,0.6347305,0.4749904,159
1.0,0.98437595,0.95922726,0.9248555,0.84366274,163
1.0,0.99819356,0.9845603,0.9467999,0.8655984,168
1.0,0.9505997,0.8302208,0.63459086,0.41120997,169
1.0,0.9938847,0.9688535,0.9324741,0.8850119,170
1.0,0.8522439,0.6444074,0.3762986,0.24437155,172
1.0,0.99794286,0.99056965,0.97949415,0.95789886,176
1.0,0.9980401,0.987227,0.964882,0.9389634,180
1.0,0.9992851,0.9903746,0.97156477,0.9390172,182
1.0,0.99805164,0.990612,0.9556204,0.8975691,187
1.0,0.9858226,0.9376532,0.86016,0.7593249,191
1.0,0.9864822,0.92698765,0.87464464,0.77240515,195
1.0,0.9289557,0.86197495,0.72531444,0.6465895,196
1.0,0.9960534,0.9840045,0.95517707,0.91016334,198
1.0,0.99320227,0.9724602,0.9299206,0.86744434,200
1.0,0.9851712,0.9360034,0.8741979,0.8028139,204
1.0,0.99959767,0.9974273,0.9860726,0.97466666,208
1.0,0.99651396,0.9834944,0.96477383,0.9198089,212
1.0,0.99691117,0.981001,0.94032925,0.8579643,215
1.0,0.9085541,0.7440513,0.660825,0.588804,216
1.0,0.962698,0.87621075,0.79543895,0.71242577,221
1.0,0.93225825,0.82841086,0.7076011,0.5491071,223
1.0,0.99165505,0.9723427,0.94194394,0.90755975,224
1.0,0.92355335,0.76569146,0.6682975,0.59680283,234
1.0,0.9762857,0.93160737,0.83475095,0.7312954,236
1.0,0.9865642,0.9699503,0.919406,0.84985733,240
1.0,0.9995034,0.9964635,0.9866268,0.9656307,245
1.0,0.9927879,0.96702677,0.9234239,0.8630304,246
1.0,0.5313494,0.2794503,0.12891185,0.060189556,247
1.0,0.96220785,0.8898397,0.78730017,0.6832436,249
1.0,0.98114014,0.93365246,0.86168593,0.803749,251
1.0,0.82211244,0.641474,0.5413323,0.38272122,252
1.0,0.99637806,0.98579365,0.97202927,0.9442252,262
1.0,0.9961857,0.98451614,0.9525265,0.93216276,269
1.0,0.9936002,0.9736248,0.9376968,0.8944821,270
1.0,0.9988444,0.99409187,0.98974234,0.9785922,273
1.0,0.996793,0.98426324,0.9510829,0.9104412,277
1.0,0.9741624,0.8488589,0.77593416,0.6786885,278
1.0,0.9459179,0.88258713,0.7661725,0.6161731,283
1.0,0.9203509,0.80975676,0.68260837,0.54553264,284
1.0,0.95688003,0.8645621,0.76982546,0.6178275,285
1.0,0.97907215,0.9093082,0.8091204,0.6408334,286
1.0,0.97473085,0.92330086,0.8530966,0.8008914,288
1.0,0.9857658,0.930396,0.89718324,0.8412454,292
1.0,0.99023086,0.94223154,0.89300454,0.8260491,295
1.0,0.44499952,0.19668955,0.073341444,0.025082922,298
1.0,0.9670781,0.9237586,0.84851646,0.72497433,301
1.0,0.9966382,0.9794539,0.95653814,0.91701406,303
1.0,0.8604464,0.6546685,0.4643456,0.28328785,304
1.0,0.99497545,0.96084887,0.8902679,0.84361035,305
1.0,0.9347311,0.786781,0.65515065,0.42374614,310
1.0,0.9977577,0.98916763,0.97044885,0.941948,313
1.0,0.99874187,0.9921244,0.97857654,0.95346385,316
1.0,0.91977865,0.78242314,0.6187406,0.5316584,318
1.0,0.9987586,0.9916573,0.9777946,0.92098534,320
1.0,0.9931855,0.95342135,0.89085627,0.8499058,333
1.0,0.99731773,0.972953,0.9489493,0.92009264,334
1.0,0.9815468,0.939857,0.88501537,0.817399,337
1.0,0.978978,0.93653125,0.8196586,0.7248446,339
1.0,0.9990873,0.9902889,0.97509277,0.95023805,340
1.0,0.9821759,0.95726144,0.92452383,0.85154617,341
1.0,0.99510276,0.9833045,0.9558744,0.9180794,343
1.0,0.99202704,0.9529318,0.9078031,0.851338,346
1.0,0.9992536,0.9930401,0.9833183,0.95018333,348
1.0,0.5954106,0.3531025,0.23830062,0.13030511,349
1.0,0.80969846,0.54436994,0.38410196,0.20078331,352
1.0,0.97898877,0.90527433,0.7638387,0.6778282,353
1.0,0.986294,0.9393486,0.8375296,0.7279514,363
1.0,0.98188204,0.9138579,0.80462223,0.7030994,367
1.0,0.9938059,0.9630744,0.91808724,0.861348,369
1.0,0.9684714,0.9124791,0.8565175,0.78774256,371
1.0,0.9954957,0.9660645,0.92143494,0.8796145,372
1.0,0.52690715,0.2722394,0.1376908,0.064403795,376
1.0,0.8884452,0.6787882,0.4114945,0.2753507,381
1.0,0.9887511,0.968759,0.92592436,0.87679875,384
1.0,0.9886281,0.96045315,0.92089885,0.8554355,386
1.0,0.9997225,0.99733883,0.98211974,0.9623049,394
1.0,0.9273295,0.81764275,0.67791235,0.5721298,395
1.0,0.99887097,0.9938168,0.9843603,0.9728796,399
1.0,0.7876283,0.5604638,0.38589045,0.28334987,400
1.0,0.9992838,0.9917944,0.9809165,0.95871544,408
1.0,0.99704814,0.9752224,0.9469683,0.9056123,410
1.0,0.44519043,0.20569974,0.09855521,0.048497733,411
1.0,0.9729863,0.9100131,0.82874167,0.76170737,413
1.0,0.9933304,0.9726913,0.94226295,0.87405735,415
1.0,0.99144024,0.9562598,0.9333545,0.8994607,417
1.0,0.96181875,0.86716133,0.69883233,0.5976082,424
1.0,0.75041616,0.5248311,0.37216905,0.24904194,425
1.0,0.9954484,0.95770013,0.9247488,0.84319377,427
1.0,0.98019236,0.9078549,0.83534235,0.76505417,432
1.0,0.95553267,0.8638258,0.7475135,0.6252782,433
1.0,0.98640853,0.93152374,0.8577318,0.79254675,436
1.0,0.9964876,0.98718166,0.9756324,0.9541323,438
1.0,0.9430524,0.8620966,0.79496753,0.69609076,441
1.0,0.7387369,0.56034505,0.42787507,0.28648034,443
1.0,0.99176145,0.9775171,0.9529424,0.9043618,446
1.0,0.98329455,0.92540365,0.8596172,0.7925562,453
1.0,0.9945075,0.9664692,0.9054729,0.8444941,456
1.0,0.9985425,0.99060875,0.9745292,0.9330358,457
1.0,0.96429247,0.86380947,0.78156906,0.6695761,461
1.0,0.9894264,0.92783946,0.86389583,0.7953667,463
1.0,0.7911979,0.5608208,0.43446207,0.34165123,470
1.0,0.99045545,0.95247656,0.88874125,0.848302,473
1.0,0.99765766,0.9800381,0.95861727,0.93612766,474
1.0,0.9129034,0.8211863,0.69752675,0.55923164,485
1.0,0.95380664,0.82901776,0.7337147,0.6584642,493
1.0,0.99702996,0.98378724,0.949327,0.91809833,494
1.0,0.99911577,0.9913529,0.9802209,0.96879095,495
1.0,0.8131027,0.6309932,0.5280021,0.41415173,498
1.0,0.9908385,0.9479499,0.88617396,0.8010444,499
1.0,0.9999771,0.9993879,0.9976391,0.9929928,503
1.0,0.98689884,0.9579582,0.92577577,0.84239566,507
1.0,0.99085885,0.95885164,0.8858507,0.8123759,508
1.0,0.96857554,0.85327476,0.7185351,0.5486849,510
1.0,0.951865,0.8615081,0.7127168,0.5527169,512
1.0,0.9981405,0.9896019,0.9788494,0.93719643,513
1.0,0.99052525,0.9587179,0.9179011,0.84851545,515
1.0,0.9963519,0.97475046,0.9592633,0.9353047,517
1.0,0.9894853,0.9526931,0.850449,0.760567,521
1.0,0.9181762,0.7471099,0.6465651,0.5876291,523
1.0,0.98204076,0.9374812,0.8686466,0.804221,527
1.0,0.99950314,0.99629813,0.9838016,0.9675276,529
1.0,0.9981656,0.98998946,0.980287,0.96213275,531
1.0,0.9932394,0.97236556,0.93248,0.8744573,532
1.0,0.986725,0.931903,0.8709062,0.8188016,535
1.0,0.9665923,0.8690245,0.74106133,0.52442086,541
1.0,0.9972649,0.9837774,0.95655155,0.9036876,550
1.0,0.9895654,0.96589416,0.93388724,0.8792851,555
1.0,0.9706749,0.906787,0.82671046,0.69686943,556
1.0,0.950479,0.89162105,0.8001249,0.7283616,558
1.0,0.99628544,0.9865238,0.9559814,0.91319275,559
1.0,0.98042196,0.9169884,0.8433277,0.7639978,564
1.0,0.7669841,0.5351858,0.4056723,0.277785,579
1.0,0.90552974,0.78371483,0.65432394,0.516801,580
1.0,0.97318673,0.911289,0.8230882,0.6943869,582
1.0,0.9930623,0.96454686,0.9417172,0.89558274,589
1.0,0.98227954,0.95070136,0.9205131,0.87802595,590
1.0,0.9851268,0.95334065,0.86706865,0.77645713,591
1.0,0.96976334,0.8981221,0.7839273,0.71771866,594
1.0,0.99975127,0.9969729,0.99204296,0.9863655,595
1.0,0.8149797,0.58047795,0.42002806,0.29262996,597
1.0,0.99988157,0.9985939,0.99508524,0.9897608,599
1.0,0.983786,0.9397993,0.8900441,0.8080266,606
1.0,0.9935588,0.9695647,0.9335537,0.87827563,610
1.0,0.9947531,0.96067333,0.9059205,0.8328617,622
1.0,0.99968475,0.99503225,0.9797516,0.9587918,624
1.0,0.97782063,0.89093935,0.79559547,0.5596648,625
1.0,0.9954168,0.98555225,0.9644156,0.90730596,626
1.0,0.8421463,0.69326496,0.59175986,0.45778263,627
1.0,0.99566156,0.9677216,0.9211364,0.88790345,628
1.0,0.99443084,0.9664857,0.90471125,0.79383576,629
1.0,0.99988747,0.9984466,0.9948682,0.9901041,633
1.0,0.97779,0.8888936,0.80634224,0.6469117,638
1.0,0.9362813,0.85763466,0.6859915,0.572208,639
1.0,0.94481635,0.7732315,0.67519474,0.57089865,642
1.0,0.99387026,0.96598965,0.90409577,0.85616475,646
1.0,0.9993526,0.9935114,0.98390764,0.9750408,647
1.0,0.9150726,0.81944036,0.73147285,0.6343789,648
1.0,0.9885992,0.9610493,0.91464084,0.8443454,652
1.0,0.9662577,0.8969037,0.84389657,0.7316669,655
1.0,0.98237896,0.92844224,0.84669095,0.8046713,656
1.0,0.99453175,0.97871387,0.9433859,0.8916251,658
1.0,0.99516344,0.98029995,0.92989236,0.86147594,659
1.0,0.92152715,0.827385,0.7153797,0.5757407,661
1.0,0.6014789,0.3549887,0.24541566,0.1756367,664
1.0,0.99715674,0.9626334,0.91883963,0.8723273,668
1.0,0.7746977,0.5805564,0.45693728,0.35857907,670
1.0,0.99959564,0.9946973,0.97325844,0.9323229,672
1.0,0.99967104,0.9963767,0.98845613,0.96986383,674
1.0,0.96750325,0.88899267,0.7881894,0.6499815,681
1.0,0.9825113,0.9246605,0.8698852,0.79891145,682
1.0,0.98578095,0.9450972,0.89498895,0.8163838,683
1.0,0.9599165,0.8535668,0.7348552,0.6552273,685
1.0,0.9620307,0.8573981,0.76008487,0.64385915,686
1.0,0.976332,0.8844778,0.7749424,0.70361346,689
1.0,0.9962647,0.97790176,0.9394627,0.88370913,691
1.0,0.8726467,0.7411265,0.6011254,0.5115284,696
1.0,0.9956776,0.980866,0.9631979,0.92644876,705
1.0,0.7991447,0.5707391,0.42057347,0.34272137,709
1.0,0.96293163,0.86669016,0.76885515,0.6767003,712
1.0,0.97841597,0.91834277,0.838385,0.64431334,713
1.0,0.9542964,0.8081295,0.60053515,0.4797376,719
1.0,0.888083,0.64813584,0.5216159,0.35865572,723
1.0,0.9994357,0.9942891,0.98295593,0.9685649,726
1.0,0.96817636,0.91630495,0.8171606,0.72312444,738
1.0,0.9056798,0.7313216,0.50747025,0.37732702,741
1.0,0.9986421,0.9914283,0.9730629,0.936868,744
1.0,0.7318037,0.5483667,0.39917797,0.28473318,746
1.0,0.98413265,0.9463173,0.9010742,0.7967969,756
1.0,0.9970964,0.9859698,0.9671282,0.9365405,757
1.0,0.9694785,0.8702633,0.70342505,0.61319435,760
1.0,0.99787563,0.9802433,0.95608044,0.90693355,762
1.0,0.9815494,0.9336431,0.8689554,0.79100925,768
1.0,0.99297625,0.9657648,0.91927373,0.817443,769
1.0,0.95697683,0.85106885,0.76516694,0.7130157,785
1.0,0.9983078,0.9908946,0.97462946,0.9458781,787
1.0,0.6003355,0.3982492,0.23915888,0.13231866,790
1.0,0.69534826,0.54873127,0.40625423,0.28332445,796
1.0,0.9883961,0.96089035,0.9128846,0.85819924,799
1.0,0.87940335,0.7335193,0.5217882,0.38483173,801
1.0,0.98667955,0.96603775,0.9372731,0.8986338,802
1.0,0.91260654,0.7649161,0.59563667,0.46749732,803
1.0,0.98439234,0.94092524,0.88620204,0.83219945,809
1.0,0.99298954,0.9654482,0.9151058,0.85077775,816
1.0,0.9994926,0.99561757,0.98025864,0.95573074,817
1.0,0.9998281,0.9982727,0.9948027,0.9893747,819
1.0,0.9998082,0.99809045,0.9940925,0.9764563,821
1.0,0.99946004,0.992067,0.9805994,0.9593815,833
1.0,0.99852145,0.9901938,0.96451354,0.89427894,834
1.0,0.96561784,0.9123906,0.82930684,0.7250215,841
1.0,0.99940956,0.9912703,0.9714121,0.9178487,843
1.0,0.9931301,0.96473074,0.9119392,0.8592778,848
1.0,0.9951099,0.97722685,0.9511007,0.93032134,850
1.0,0.9450719,0.85443074,0.75007486,0.6196938,852
1.0,0.9502652,0.8933737,0.8156788,0.7122129,859
1.0,0.9886951,0.9484491,0.86448896,0.78741187,863
1.0,0.9839985,0.9422127,0.87022626,0.81235635,864
1.0,0.9960473,0.9603025,0.9275097,0.8805907,865
1.0,0.9978349,0.9831809,0.96622574,0.9288993,869
1.0,0.9990234,0.98795027,0.97390056,0.9609324,870
1.0,0.9977371,0.98799235,0.96261895,0.9190323,872
1.0,0.9979139,0.9900001,0.9794707,0.95806617,875
1.0,0.9842412,0.9395251,0.8770916,0.8123931,877
1.0,0.9852501,0.94647366,0.86771065,0.8126919,880
1.0,0.9542979,0.86460596,0.7966292,0.70692617,883
1.0,0.9961814,0.977925,0.937642,0.87309235,884
1.0,0.9875579,0.9594806,0.9104317,0.832841,885
1.0,0.9392236,0.81422067,0.7008027,0.5141489,888
1.0,0.9974219,0.983871,0.9547692,0.92117065,889
1.0,0.9783203,0.92773265,0.853871,0.8123663,890
1.0,0.9699181,0.9024208,0.75997144,0.58533007,894
1.0,0.98561716,0.92811126,0.8774085,0.841077,895
1.0,0.98719805,0.9651711,0.92105496,0.8472643,896
1.0,0.95222056,0.913358,0.8545353,0.75489014,899
1.0,0.9983606,0.98568976,0.9674043,0.94194025,912
1.0,0.98098844,0.92666084,0.8539341,0.796622,915
1.0,0.9271103,0.80879176,0.67495817,0.59186006,916
1.0,0.96797615,0.8448827,0.76544994,0.6767774,918
1.0,0.8999262,0.71858543,0.5521854,0.41560173,919
1.0,0.95470196,0.8909416,0.80452627,0.69920224,921
1.0,0.9880649,0.9653447,0.9234129,0.87421596,927
1.0,0.90084225,0.73258096,0.539163,0.4325029,929
1.0,0.9914601,0.9757544,0.9588639,0.91779554,930
1.0,0.9996905,0.9974726,0.9859802,0.9683942,933
1.0,0.99771816,0.98646593,0.9718612,0.91800374,939
1.0,0.97521234,0.9067527,0.8067056,0.6182233,943
1.0,0.99119574,0.9471359,0.90152353,0.78333145,945
1.0,0.9567872,0.83789515,0.7491795,0.6505237,949
1.0,0.9647263,0.91423786,0.8346689,0.7434351,951
1.0,0.9989862,0.98578376,0.97088647,0.95805097,956
1.0,0.9960246,0.9823644,0.9545449,0.9259126,957
1.0,0.9983062,0.9855794,0.965273,0.9312877,959
1.0,0.9989064,0.99058306,0.97551286,0.9479905,960
1.0,0.9961786,0.96998304,0.9311346,0.8930036,963
1.0,0.9936439,0.9748563,0.93362004,0.89471704,974
1.0,0.9995066,0.99317664,0.98228765,0.96111447,978
1.0,0.9997637,0.99731916,0.98786736,0.97332704,981
1.0,0.99891925,0.9860597,0.9678375,0.94601166,995
1.0,0.9968694,0.9835692,0.9564445,0.91761667,996
1.0,0.92729735,0.7552038,0.67818546,0.5550159,1005
1.0,0.9991716,0.99312526,0.9819336,0.9676206,1008
1.0,0.909038,0.7769191,0.62187886,0.51305515,1009
1.0,0.99755156,0.988296,0.968742,0.9448953,1010
1.0,0.99664915,0.9744038,0.94329655,0.89177877,1015
1.0,0.8737707,0.66023374,0.4712418,0.32229084,1016
1.0,0.8119576,0.6070743,0.4539901,0.36281106,1019
1.0,0.99851286,0.9802928,0.95183843,0.8963887,1021
1.0,0.9676369,0.9235812,0.8623624,0.7838231,1024
1.0,0.8176046,0.6070187,0.5063333,0.41229677,1026
1.0,0.9976739,0.9876619,0.9462564,0.9118503,1028
1.0,0.982722,0.94723755,0.8551165,0.80318373,1039
1.0,0.99488974,0.96374804,0.8794614,0.83656025,1044
1.0,0.94420284,0.8364612,0.7153255,0.5765042,1046
1.0,0.9932335,0.9718811,0.9402695,0.8926898,1047
1.0,0.9879237,0.94890475,0.92029345,0.8764919,1051
1.0,0.9802934,0.9439526,0.89358044,0.8443736,1056
1.0,0.89552283,0.7984701,0.7072455,0.5301495,1059
1.0,0.99792445,0.98970044,0.97654456,0.963141,1060
1.0,0.9764707,0.90374124,0.8438886,0.75683516,1064
1.0,0.99480337,0.9617124,0.9119914,0.8442925,1066
1.0,0.8372237,0.7330065,0.59957427,0.47109163,1067
1.0,0.96951485,0.8891855,0.7997445,0.68079543,1071
1.0,0.99757266,0.9792774,0.9546927,0.90701145,1073
1.0,0.9764194,0.9326349,0.82992,0.747873,1075
1.0,0.9757529,0.9118919,0.80510867,0.6987779,1077
1.0,0.98323506,0.93297905,0.8713551,0.7547529,1079
1.0,0.9991086,0.99158275,0.9726643,0.93815625,1081
1.0,0.9985646,0.98998845,0.9675296,0.9483849,1089
1.0,0.16190903,0.04975281,0.022152215,0.01064332,1094
1.0,0.9995969,0.9950778,0.9874754,0.9765865,1100
1.0,0.9970259,0.98091257,0.96598685,0.94840264,1110
1.0,0.97348815,0.9074726,0.8388016,0.77502525,1112
1.0,0.94977474,0.8748618,0.76255196,0.63261294,1117
1.0,0.9750549,0.89568716,0.8354775,0.7777247,1121
1.0,0.9644733,0.88740504,0.7822434,0.6646721,1122
1.0,0.9758578,0.9435133,0.8865331,0.83156997,1123
1.0,0.99543464,0.9584592,0.92696553,0.8649302,1128
1.0,0.9977894,0.98532087,0.9518831,0.88496155,1130
1.0,0.9512889,0.8497033,0.72211605,0.6051632,1136
1.0,0.97917217,0.91791314,0.8727412,0.7369341,1139
1.0,0.9322061,0.8188462,0.73572874,0.6199223,1143
1.0,0.9990627,0.9945337,0.9813435,0.9580184,1144
1.0,0.98958087,0.94372535,0.9047956,0.86525387,1149
1.0,0.9680368,0.88766736,0.72272575,0.56780136,1150
1.0,0.998671,0.9810015,0.958703,0.8998221,1152
1.0,0.97378576,0.8920102,0.8077786,0.678225,1155
1.0,0.98688483,0.9391573,0.8407582,0.6988769,1158
1.0,0.9967803,0.9757454,0.92376626,0.8472542,1159
1.0,0.9521061,0.8167055,0.717426,0.62258404,1161
1.0,0.5866096,0.31959903,0.20453626,0.13334812,1164
1.0,0.8252118,0.6472279,0.44693604,0.28134406,1166
1.0,0.9966261,0.97882855,0.95532125,0.9030103,1168
1.0,0.9984214,0.98975646,0.9589275,0.9251111,1169
1.0,0.9652272,0.88013214,0.78631544,0.65682966,1170
1.0,0.9981772,0.98678184,0.97589284,0.95429426,1172
1.0,0.99311155,0.9721104,0.9380972,0.8957557,1173
1.0,0.99695504,0.9799033,0.9652297,0.93556225,1174
1.0,0.9932602,0.9658645,0.92633086,0.899173,1175
1.0,0.9915612,0.9786602,0.95258826,0.9096891,1181
1.0,0.9862182,0.94843113,0.91419727,0.8787564,1183
1.0,0.9758689,0.9430326,0.8797173,0.78818953,1186
1.0,0.9881641,0.9569014,0.9236498,0.8642242,1190
1.0,0.9143909,0.77810043,0.67799354,0.58007306,1195
1.0,0.9605269,0.8108685,0.7364915,0.6428328,1202
1.0,0.99894863,0.9901736,0.97503555,0.96007794,1203
1.0,0.9869881,0.9384782,0.8932092,0.82962877,1206
1.0,0.9957613,0.98213446,0.9631893,0.92756087,1211
1.0,0.99662447,0.9770159,0.9467315,0.88902956,1213
1.0,0.99914014,0.99402934,0.98141694,0.9639205,1216
1.0,0.9887758,0.9643684,0.92512417,0.8849914,1218
1.0,0.9164181,0.7920051,0.662635,0.55058175,1219
1.0,0.9980956,0.9855615,0.95309573,0.9184814,1221
1.0,0.9853903,0.95044243,0.86749625,0.79769254,1222
1.0,0.99742234,0.9690656,0.94125915,0.8811551,1223
1.0,0.99833065,0.98636484,0.96727186,0.9400134,1225
1.0,0.97954667,0.8956135,0.81185514,0.66985446,1226
1.0,0.99615055,0.9732982,0.94301313,0.89574486,1229
1.0,0.9371941,0.83232284,0.6703857,0.6058928,1230
1.0,0.9982089,0.99168277,0.9763137,0.94290215,1241
1.0,0.949164,0.854473,0.71851945,0.63247526,1242
1.0,0.99503994,0.9838739,0.96202403,0.9328157,1244
1.0,0.99982464,0.99701303,0.9945344,0.9874077,1248
1.0,0.99398184,0.9687867,0.9370916,0.88537174,1249
1.0,0.9798726,0.9471836,0.88627666,0.8201971,1255
1.0,0.8792064,0.7375375,0.60792136,0.51570886,1258
1.0,0.9845137,0.9333548,0.89213026,0.78830683,1261
1.0,0.9951798,0.9713932,0.94764376,0.890239,1265
1.0,0.99547374,0.96618265,0.91211104,0.8542505,1268
1.0,0.6907605,0.5365076,0.45813307,0.34954128,1282
1.0,0.9611737,0.91452706,0.8412419,0.7284895,1283
1.0,0.99924046,0.9949358,0.9784111,0.96046615,1284
1.0,0.9260981,0.81878924,0.65645456,0.5509152,1287
1.0,0.9990703,0.98880804,0.9732601,0.94747627,1288
1.0,0.9812589,0.94338036,0.8251631,0.7436188,1289
1.0,0.9917807,0.9522614,0.87019867,0.78192157,1292
1.0,0.9976372,0.98827523,0.970015,0.9299051,1296
1.0,0.9962173,0.9721184,0.93223965,0.874328,1297
1.0,0.9971811,0.976416,0.94954866,0.91110134,1301
1.0,0.9498741,0.8642531,0.7437954,0.57256,1309
1.0,0.85872257,0.69958365,0.56775105,0.44520494,1319
1.0,0.9685151,0.8774252,0.72729146,0.5289621,1320
1.0,0.9993643,0.9935071,0.9815468,0.93511295,1323
1.0,0.9988524,0.99378043,0.97554433,0.9290173,1325
1.0,0.9994274,0.99517316,0.9812976,0.95492095,1327
1.0,0.8279573,0.6946474,0.56655276,0.4387731,1328
1.0,0.9983969,0.98212475,0.9416512,0.9153411,1329
1.0,0.9998941,0.99739075,0.98643875,0.9671389,1332
1.0,0.568332,0.27943704,0.17235088,0.081332125,1336
1.0,0.9876575,0.9240887,0.8573125,0.7100611,1338
1.0,0.96698725,0.9005671,0.7513153,0.5952241,1341
1.0,0.99908996,0.99247605,0.9847404,0.961504,1347
1.0,0.96924275,0.91003823,0.8556953,0.7873052,1351
1.0,0.84088045,0.6863521,0.5536172,0.4182015,1369
1.0,0.9579,0.8922694,0.7764534,0.673446,1386
1.0,0.9965064,0.9829601,0.9568519,0.92491657,1388
1.0,0.8221175,0.5763181,0.4582183,0.36388135,1389
1.0,0.99931186,0.9873861,0.9738801,0.95089006,1390
1.0,0.97556084,0.9066236,0.8434427,0.7164884,1395
1.0,0.99845076,0.979108,0.9553763,0.9218079,1396
1.0,0.98077106,0.9116254,0.84663373,0.7246724,1397
1.0,0.8604152,0.70676184,0.5408562,0.4216517,1402
1.0,0.9701531,0.90664554,0.80441517,0.67577034,1404
1.0,0.54124445,0.30156976,0.21585555,0.13127783,1405
1.0,0.99776715,0.9852341,0.96271646,0.91701514,1407
1.0,0.99861825,0.9894095,0.98112524,0.96439517,1412
1.0,0.9968342,0.980186,0.9615589,0.91497487,1416
1.0,0.98511773,0.9568115,0.9013541,0.815244,1418
1.0,0.8841782,0.7108744,0.511685,0.32558885,1419
1.0,0.9559463,0.8375042,0.71788263,0.5824537,1422
1.0,0.85434765,0.614608,0.44062188,0.29241243,1424
1.0,0.95850235,0.9019538,0.7825659,0.6522378,1426
1.0,0.9987307,0.9926776,0.9664247,0.93541247,1428
1.0,0.98885053,0.9542144,0.908552,0.8592936,1430
1.0,0.9785742,0.8946993,0.79784256,0.62145406,1435
1.0,0.9859799,0.9285755,0.8822063,0.81411046,1449
1.0,0.955238,0.8487775,0.79471076,0.73686516,1454
1.0,0.99905735,0.9951424,0.983024,0.9617196,1455
1.0,0.9816375,0.9379354,0.8687718,0.77103317,1457
1.0,0.6021867,0.42776668,0.30180255,0.17831434,1459
1.0,0.997909,0.9833146,0.9496604,0.88601226,1460
1.0,0.99690974,0.96596247,0.9460418,0.91272825,1465
1.0,0.9993918,0.9946936,0.9828713,0.96362484,1467
1.0,0.94711846,0.8939208,0.7976459,0.7373166,1470
1.0,0.9949261,0.97273237,0.9425216,0.89609677,1489
1.0,0.9214407,0.76377743,0.60730034,0.434211,1491
1.0,0.926413,0.7949379,0.65253526,0.5464565,1493
1.0,0.9540084,0.82712024,0.666283,0.5076973,1496
1.0,0.7432596,0.52758545,0.3817041,0.21854314,1503
1.0,0.99977416,0.99502474,0.98365915,0.96540534,1504
1.0,0.6729031,0.45733964,0.29730523,0.23622285,1505
1.0,0.95283914,0.87566733,0.7792052,0.71838444,1509
1.0,0.9983487,0.9873502,0.97204053,0.94008607,1510
1.0,0.99804574,0.9864975,0.9670084,0.9174285,1512
1.0,0.9983069,0.9883837,0.9745412,0.95423144,1513
1.0,0.9950906,0.9761306,0.9415878,0.90910727,1516
1.0,0.9973082,0.98690933,0.9662741,0.9237578,1518
1.0,0.99906,0.99350846,0.98277104,0.9645708,1521
1.0,0.9892431,0.93575543,0.9043836,0.8440715,1522
1.0,0.99949634,0.9949764,0.98914367,0.9772047,1524
1.0,0.9956544,0.9751196,0.9528926,0.87311053,1528
1.0,0.9993682,0.9939383,0.98570263,0.967796,1532
1.0,0.9920134,0.9731116,0.9163533,0.8559588,1533
1.0,0.9997571,0.9970918,0.99095595,0.9807135,1539
1.0,0.76440316,0.59640557,0.488226,0.37794688,1541
1.0,0.9918754,0.9556214,0.9187949,0.864399,1547
1.0,0.99502474,0.9541927,0.9074875,0.8444827,1548
1.0,0.98844045,0.968751,0.91868496,0.87880725,1552
1.0,0.9864808,0.9163403,0.8504997,0.7862624,1553
1.0,0.9508739,0.85953087,0.72107404,0.62796926,1558
1.0,0.98988485,0.9410375,0.8863953,0.7866676,1559
1.0,0.99482936,0.97805357,0.9400073,0.9159702,1560
1.0,0.9924704,0.9683126,0.90982574,0.85933095,1567
1.0,0.9650764,0.87181133,0.72957885,0.63380015,1572
1.0,0.9961736,0.97248614,0.9106844,0.8648652,1574
1.0,0.99950576,0.9913096,0.97802645,0.949033,1583
1.0,0.9835673,0.9249297,0.8164917,0.68612456,1584
1.0,0.99029744,0.9372381,0.8469582,0.7909642,1585
1.0,0.99944025,0.9955988,0.9898488,0.9787644,1587
1.0,0.9870756,0.9358259,0.88755983,0.81620044,1593
1.0,0.9936452,0.9633124,0.8914249,0.8389325,1594
1.0,0.96745783,0.8670336,0.74454755,0.6450136,1596
1.0,0.9740773,0.91958755,0.80094486,0.65698874,1602
1.0,0.9796707,0.9208822,0.8212493,0.7409687,1606
1.0,0.99813986,0.9909533,0.9653102,0.92685044,1617
1.0,0.94182914,0.86765873,0.7893659,0.7197514,1621
1.0,0.69630814,0.45379978,0.30391544,0.20548655,1630
1.0,0.9525929,0.8906465,0.80632144,0.69032454,1632
1.0,0.9917135,0.97359383,0.94849473,0.90732783,1633
1.0,0.9917143,0.9691473,0.8925719,0.8201322,1635
1.0,0.9510325,0.8676981,0.73919034,0.64190197,1636
1.0,0.9898137,0.9573749,0.93347335,0.88707376,1639
1.0,0.9964466,0.9711164,0.94195867,0.893645,1641
1.0,0.99346745,0.9564824,0.89697045,0.81298506,1652
1.0,0.9995374,0.9942757,0.9809906,0.96278733,1667
1.0,0.9883624,0.950971,0.91916376,0.8468827,1670
1.0,0.9259511,0.82708085,0.68540674,0.5178488,1672
1.0,0.95611936,0.89018625,0.830642,0.77152634,1677
1.0,0.98897094,0.93853116,0.89099234,0.84729517,1678
1.0,0.9906809,0.9557828,0.8862986,0.77092534,1680
1.0,0.9984286,0.99112046,0.9632657,0.93067706,1684
1.0,0.9442302,0.85805476,0.7356152,0.5888466,1692
1.0,0.97722256,0.9215335,0.84412307,0.7610527,1694
1.0,0.76544636,0.52286357,0.38965493,0.28058708,1700
1.0,0.93066037,0.80125797,0.6735218,0.46655855,1701
1.0,0.71022475,0.39587218,0.24359496,0.17757605,1703
1.0,0.7551293,0.54119074,0.40669224,0.31607285,1705
1.0,0.99681294,0.98575395,0.97117,0.9323403,1707
1.0,0.9858284,0.9626336,0.90401024,0.8299823,1713
1.0,0.9848906,0.9008682,0.7772199,0.69425243,1715
1.0,0.9335828,0.806404,0.70095783,0.6121662,1721
1.0,0.99774545,0.9855697,0.96403915,0.9375184,1722
1.0,0.96964204,0.9190045,0.8681234,0.79743177,1725
1.0,0.98082817,0.9216725,0.82711685,0.76391214,1729
1.0,0.9867746,0.94304174,0.87890387,0.82362163,1732
1.0,0.99611795,0.97855496,0.95048535,0.9313282,1744
1.0,0.83825314,0.69751745,0.5462191,0.40043172,1746
1.0,0.97353506,0.90634316,0.84851015,0.7279228,1747
1.0,0.7910339,0.5775921,0.4663795,0.3268137,1752
1.0,0.99533314,0.9793924,0.9353625,0.89867026,1754
1.0,0.9909059,0.96076083,0.9037945,0.85333484,1758
1.0,0.9863843,0.9588674,0.8696919,0.7871404,1762
1.0,0.99913716,0.9908819,0.9786754,0.95198697,1771
1.0,0.9860874,0.96496314,0.9357499,0.87603945,1772
1.0,0.99926734,0.9927001,0.97632504,0.94607455,1773
1.0,0.99475586,0.9616921,0.9258499,0.8676837,1775
1.0,0.83665246,0.70062166,0.561337,0.37909728,1782
1.0,0.9483052,0.827221,0.7240835,0.64020586,1784
1.0,0.99470705,0.97537255,0.9287534,0.867666,1785
1.0,0.9730664,0.9359946,0.8844422,0.83351904,1792
1.0,0.98603326,0.9462652,0.8592005,0.7405508,1795
1.0,0.9762865,0.9128904,0.7911201,0.66650504,1799
1.0,0.96447,0.90230834,0.80412173,0.72292244,1803
1.0,0.9010829,0.7227835,0.59736526,0.44131294,1807
1.0,0.9995361,0.99775,0.98761857,0.973238,1808
1.0,0.98838466,0.9512497,0.8946282,0.85193974,1811
1.0,0.9887299,0.941851,0.89594364,0.7896995,1814
1.0,0.9925011,0.96472305,0.8912002,0.8003639,1819
1.0,0.99878097,0.9853153,0.97623974,0.96046704,1822
1.0,0.9930239,0.9479933,0.8725676,0.8262138,1823
1.0,0.99795175,0.98996264,0.9726034,0.95065004,1824
1.0,0.95337427,0.86530316,0.7397709,0.6571545,1828
1.0,0.99170244,0.94518507,0.8839251,0.812806,1830
1.0,0.9968443,0.9812484,0.93591005,0.90183794,1840
1.0,0.97287273,0.93709445,0.86103064,0.8001012,1843
1.0,0.8899406,0.7334848,0.61542064,0.48569965,1844
1.0,0.9944543,0.9620492,0.91839623,0.8613997,1854
1.0,0.94892925,0.8739237,0.80868834,0.63888586,1856
1.0,0.9132856,0.8185072,0.699801,0.60247344,1863
1.0,0.90396446,0.7882014,0.65704817,0.561286,1866
1.0,0.9918662,0.97375476,0.94665766,0.9250085,1872
1.0,0.99983716,0.9983143,0.9913082,0.97959936,1879
1.0,0.99907047,0.98892355,0.97662467,0.95530134,1880
1.0,0.9956769,0.97616506,0.9430225,0.9005245,1888
1.0,0.9993916,0.9936939,0.97492385,0.9458992,1891
1.0,0.97915274,0.9369311,0.8661392,0.773739,1895
1.0,0.9976826,0.9763285,0.9367126,0.889219,1898
1.0,0.99856323,0.9906377,0.96188307,0.9348877,1909
1.0,0.95596236,0.8747005,0.7856559,0.6039528,1911
1.0,0.9587318,0.88181657,0.7537804,0.6407279,1914
1.0,0.9909955,0.9640326,0.91109145,0.85801226,1920
1.0,0.8461403,0.65366685,0.4723094,0.31159854,1922
1.0,0.997426,0.9651331,0.90824586,0.8245565,1923
1.0,0.97442484,0.9041863,0.8297763,0.70757425,1925
1.0,0.9765558,0.899976,0.82320064,0.7456685,1929
1.0,0.9854308,0.947557,0.903839,0.8259364,1930
1.0,0.9971427,0.984259,0.95060134,0.8852248,1931
1.0,0.7761176,0.5811673,0.4787575,0.35554296,1933
1.0,0.9995393,0.9941689,0.98179734,0.9376273,1936
1.0,0.99316746,0.97936296,0.9493489,0.9159654,1937
1.0,0.97947216,0.9286069,0.8278317,0.6946899,1945
1.0,0.99729866,0.9837847,0.9670952,0.949864,1946
1.0,0.98308533,0.9368207,0.8441096,0.7155979,1949
1.0,0.9979877,0.984248,0.9726144,0.94870967,1950
1.0,0.9852555,0.95883524,0.8942267,0.800356,1952
1.0,0.9633231,0.89147174,0.8331411,0.75340956,1955
1.0,0.9961786,0.95863366,0.9186535,0.88562405,1957
1.0,0.9703947,0.88227195,0.80553603,0.6358338,1964
1.0,0.99379694,0.9740366,0.9409822,0.88776696,1966
1.0,0.97754717,0.9243279,0.8404856,0.76642114,1970
1.0,0.99811614,0.9871749,0.95145124,0.9071342,1974
1.0,0.9909678,0.9618056,0.8986424,0.83094436,1977
1.0,0.99106896,0.96934384,0.9254143,0.8542965,1978
1.0,0.9986315,0.98972094,0.9596034,0.9304024,1983
1.0,0.97835994,0.92434,0.85173076,0.8060891,1984
1.0,0.9862421,0.9595278,0.8906442,0.7990044,1985
1.0,0.990522,0.9696526,0.9435723,0.90241677,1989
1.0,0.99762774,0.9922713,0.97941923,0.9608641,1994
1.0,0.99920154,0.9946603,0.97861904,0.9601551,1995
1.0,0.99910665,0.990895,0.9805974,0.9683987,1997
1.0,0.9989438,0.9927119,0.97711885,0.94499516,2000
1.0,0.99919355,0.99112165,0.97294414,0.9479737,2002
1.0,0.9749549,0.9117045,0.81406164,0.72831583,2012
1.0,0.99859864,0.992263,0.9757127,0.9610345,2021
1.0,0.95969975,0.89205617,0.7997806,0.6825483,2022
1.0,0.9939072,0.9580423,0.90566987,0.84947914,2024
1.0,0.9986281,0.9899663,0.96672183,0.92723864,2025
1.0,0.9349426,0.81431943,0.6333292,0.5044658,2029
1.0,0.9876097,0.94227743,0.9058637,0.8509907,2030
1.0,0.99647325,0.9733616,0.94836867,0.9041126,2035
1.0,0.9759636,0.9111262,0.8378904,0.7399234,2037
1.0,0.9986347,0.9828421,0.93763983,0.8797481,2038
1.0,0.96991366,0.9008622,0.8550926,0.74750805,2040
1.0,0.92721266,0.7960701,0.6940671,0.5231008,2045
1.0,0.96567374,0.86253256,0.7839006,0.6532699,2046
1.0,0.9970221,0.9815676,0.96175134,0.94072926,2048
1.0,0.99324936,0.9702653,0.92578316,0.88239276,2049
1.0,0.9148047,0.7532847,0.651712,0.5014951,2058
1.0,0.8145187,0.6728871,0.56080014,0.40821517,2059
1.0,0.9929993,0.95545363,0.92128634,0.8721293,2062
1.0,0.9988959,0.99236864,0.9824404,0.9602573,2063
1.0,0.8244832,0.6446945,0.5349312,0.38865712,2065
1.0,0.996691,0.9777109,0.93953633,0.89170265,2069
1.0,0.9916176,0.96633655,0.90640444,0.85764146,2070
1.0,0.98436826,0.91842806,0.86106706,0.7856853,2072
1.0,0.9943058,0.9769447,0.95652086,0.9149317,2073
1.0,0.9944832,0.97816044,0.9418929,0.9106123,2074
1.0,0.99966633,0.9976695,0.98598194,0.9678346,2081
1.0,0.98797935,0.96480113,0.91310453,0.84765846,2083
1.0,0.98373735,0.9590848,0.9135109,0.8481767,2090
1.0,0.9716712,0.908598,0.8155281,0.73754287,2091
1.0,0.9055348,0.8199251,0.74205166,0.66883755,2095
1.0,0.97546136,0.9232442,0.86303335,0.7659327,2096
1.0,0.9768569,0.9311597,0.86718297,0.78245884,2100
1.0,0.9621254,0.8887426,0.7595259,0.6420716,2105
1.0,0.99388736,0.9698985,0.9322223,0.86709154,2109
1.0,0.98681444,0.9456849,0.8127775,0.7554539,2111
1.0,0.9189457,0.7806635,0.6771143,0.578396,2113
1.0,0.7761009,0.6000947,0.4653182,0.2727867,2116
1.0,0.97625554,0.9320036,0.87869143,0.80426735,2117
1.0,0.8658319,0.71345013,0.5294608,0.3962765,2119
1.0,0.9661469,0.90434897,0.84145755,0.6867169,2120
1.0,0.93616587,0.80007,0.67077464,0.49844396,2121
1.0,0.9972289,0.9844956,0.9495793,0.9062392,2126
1.0,0.98807186,0.94963217,0.87180316,0.7509854,2138
1.0,0.9986919,0.99159855,0.9800228,0.95723027,2139
1.0,0.91576904,0.82997936,0.7200132,0.5874069,2140
1.0,0.9832301,0.91086334,0.7797306,0.6246241,2142
1.0,0.86595947,0.6886081,0.4861248,0.33359483,2147
1.0,0.9991185,0.99258715,0.9793985,0.9425393,2150
1.0,0.9936992,0.95989984,0.9246975,0.8789934,2151
1.0,0.97156346,0.9390613,0.8212751,0.7398039,2154
1.0,0.5090721,0.20953354,0.12891692,0.06924766,2160
1.0,0.99004143,0.9542884,0.89335114,0.80362165,2161
1.0,0.9933504,0.96082747,0.88299793,0.7716446,2166
1.0,0.99019,0.9372741,0.85375315,0.7894692,2167
1.0,0.9604068,0.8528899,0.79148793,0.7302561,2168
1.0,0.98909163,0.9523878,0.90584147,0.85047156,2175
1.0,0.92943746,0.777997,0.6309489,0.5067971,2176
1.0,0.98162335,0.92433006,0.87850225,0.8304785,2178
1.0,0.96741897,0.8786075,0.7570611,0.6748945,2179
1.0,0.9936267,0.96408015,0.92221266,0.86769325,2180
1.0,0.88920075,0.7352293,0.60263103,0.47105506,2181
1.0,0.94268733,0.77396536,0.66768205,0.52685094,2183
1.0,0.99415624,0.9763407,0.9287615,0.8161505,2184
1.0,0.98438543,0.9488019,0.8320379,0.7495596,2189
1.0,0.96172607,0.8835235,0.8159857,0.7388743,2190
1.0,0.9861554,0.965591,0.9098384,0.8499464,2192
1.0,0.97028434,0.90696174,0.7904366,0.69514686,2196
1.0,0.9980705,0.98872775,0.97557795,0.95214015,2199
1.0,0.9908794,0.96244854,0.8978845,0.8102298,2203
1.0,0.9970213,0.9739205,0.95312554,0.921147,2204
1.0,0.99036443,0.9635907,0.92640126,0.88067585,2205
1.0,0.32206044,0.11792249,0.049398232,0.021315705,2207
1.0,0.99254954,0.96412176,0.91315985,0.8009689,2210
1.0,0.9808108,0.898351,0.84226143,0.78141725,2211
1.0,0.99949837,0.9958378,0.98723835,0.9734679,2212
1.0,0.9840793,0.93372846,0.8903362,0.82690746,2213
1.0,0.7986799,0.6421735,0.52505755,0.39223927,2215
1.0,0.99192387,0.97518796,0.9452549,0.88237906,2219
1.0,0.9927515,0.96651953,0.93327844,0.85768026,2223
1.0,0.97498137,0.84536874,0.7788837,0.68432814,2225
1.0,0.98005307,0.91672766,0.8312844,0.7370064,2226
1.0,0.99482036,0.97736365,0.9314123,0.8931698,2228
1.0,0.97491866,0.92251647,0.7800007,0.6780044,2230
1.0,0.9921298,0.95421827,0.90830725,0.8496882,2231
1.0,0.9563909,0.86712694,0.75545436,0.67832065,2232
1.0,0.97566724,0.92495304,0.8859421,0.8219028,2236
1.0,0.89508295,0.6946561,0.5431357,0.38575694,2238
1.0,0.9941565,0.9728933,0.95139664,0.9228312,2239
1.0,0.82578903,0.6113705,0.46885875,0.37996954,2242
1.0,0.99708253,0.98196894,0.9621931,0.92755395,2244
1.0,0.992519,0.9759327,0.95959896,0.92140603,2245
1.0,0.99872947,0.98539656,0.97121894,0.9414859,2249
1.0,0.98664963,0.94207597,0.86761475,0.728563,2254
1.0,0.9915861,0.9354242,0.87794274,0.78325135,2258
1.0,0.968882,0.9318577,0.8924204,0.8178005,2259
1.0,0.9845704,0.94725907,0.86997306,0.7583308,2260
1.0,0.94722235,0.80346674,0.67157835,0.477869,2262
1.0,0.9933247,0.954381,0.8973549,0.8168982,2263
1.0,0.9906112,0.95489174,0.8829677,0.7812112,2268
1.0,0.9974712,0.9858238,0.9645814,0.94041455,2273
1.0,0.99109405,0.9751626,0.94278747,0.89792657,2281
1.0,0.99881274,0.9887485,0.9759596,0.9575212,2289
1.0,0.9934389,0.9829907,0.9684097,0.9537566,2290
1.0,0.9896687,0.96054035,0.92539,0.89148027,2292
1.0,0.9995858,0.99453163,0.9864855,0.9677815,2294
1.0,0.9442166,0.8770001,0.78109545,0.652516,2295
1.0,0.99201995,0.9691993,0.9301746,0.87297595,2296
1.0,0.9964395,0.9848372,0.9653674,0.93361485,2298
1.0,0.9712314,0.9015468,0.830444,0.62273145,2299
1.0,0.96888685,0.8939861,0.81396186,0.72817314,2300
1.0,0.99146473,0.95543545,0.889278,0.81266284,2301
1.0,0.9997671,0.99588037,0.98599285,0.9419869,2305
1.0,0.9307248,0.8191658,0.746218,0.6483094,2310
1.0,0.86847645,0.746727,0.6393875,0.5433217,2311
1.0,0.9745568,0.94357955,0.8691106,0.79246116,2318
1.0,0.99205935,0.9408886,0.8609132,0.7306971,2322
1.0,0.9955135,0.977604,0.94564945,0.8646308,2323
1.0,0.9982173,0.99167943,0.9775785,0.9458593,2327
1.0,0.7765062,0.61297935,0.45833707,0.33064643,2331
1.0,0.877476,0.7078815,0.60824716,0.5121093,2339
1.0,0.9971208,0.9719983,0.9283605,0.89505994,2340
1.0,0.9502486,0.85822123,0.7047051,0.5478853,2342
1.0,0.99905187,0.99357045,0.9799782,0.9580393,2348
1.0,0.9986204,0.99452263,0.9855326,0.94927794,2350
1.0,0.8282584,0.6230527,0.4654811,0.3736932,2351
1.0,0.99677294,0.9872599,0.96215284,0.9296439,2353
1.0,0.98718137,0.9379434,0.8450594,0.769523,2355
1.0,0.97370535,0.9350487,0.88313806,0.78005445,2367
1.0,0.9379183,0.82079583,0.77031887,0.7233079,2368
1.0,0.99179906,0.96358645,0.9077807,0.81995547,2371
1.0,0.9951198,0.9832331,0.94166464,0.8936129,2372
1.0,0.9489185,0.87362933,0.80409783,0.69380635,2375
1.0,0.9829691,0.9134979,0.82546234,0.6753943,2377
1.0,0.76618916,0.5965483,0.44016442,0.30462763,2378
1.0,0.94137394,0.8313446,0.73610175,0.6462781,2383
1.0,0.99883217,0.99200296,0.9750259,0.93961275,2385
1.0,0.9713954,0.9041552,0.8125534,0.6984954,2389
1.0,0.99791497,0.9868567,0.96856874,0.9179581,2391
1.0,0.96945906,0.8251369,0.73829055,0.63182366,2400
1.0,0.78541046,0.636271,0.5039796,0.37903583,2412
1.0,0.9971874,0.9791401,0.9530796,0.9087463,2419
1.0,0.9929459,0.9762448,0.94901484,0.90578294,2424
1.0,0.99311703,0.9785977,0.9516021,0.90555257,2427
1.0,0.9833511,0.91064554,0.85268354,0.7990909,2430
1.0,0.9984718,0.98411053,0.96087474,0.9061548,2433
1.0,0.9932183,0.9665898,0.9485424,0.9073115,2438
1.0,0.9223052,0.8325087,0.6545119,0.5163419,2443
1.0,0.9711132,0.9163901,0.78060955,0.6265048,2446
1.0,0.9989929,0.99284947,0.9849819,0.9736055,2447
1.0,0.9997779,0.9970377,0.99188,0.97518027,2448
1.0,0.9992341,0.9929531,0.98325014,0.9696662,2450
1.0,0.9932857,0.9523483,0.90177405,0.8550965,2451
1.0,0.9933449,0.96706593,0.89411074,0.7811735,2452
1.0,0.99771947,0.99086213,0.9753392,0.9390161,2454
1.0,0.9922733,0.9530322,0.90591353,0.84201473,2462
1.0,0.9924418,0.9640447,0.872466,0.78437066,2463
1.0,0.97520953,0.91186446,0.7682955,0.6553975,2465
1.0,0.83549356,0.6669566,0.5011634,0.4124068,2467
1.0,0.984038,0.9401909,0.88026446,0.81831706,2474
1.0,0.9988903,0.9919647,0.9750392,0.9526732,2477
1.0,0.998519,0.9910879,0.9711992,0.9541157,2479
1.0,0.99213254,0.95823485,0.9248792,0.8383982,2483
1.0,0.8912556,0.78838974,0.66307235,0.52848965,2489
1.0,0.967639,0.89380604,0.7826653,0.6856842,2490
1.0,0.9998619,0.9977788,0.9881626,0.96797603,2491
1.0,0.9858492,0.93878555,0.8685412,0.75234556,2492
1.0,0.9796865,0.92538506,0.83866644,0.7473146,2495
1.0,0.9685386,0.8578861,0.66440934,0.48279282,2496
1.0,0.9974982,0.9813357,0.9624026,0.92793643,2501
1.0,0.99711865,0.99017495,0.9646782,0.92563176,2508
1.0,0.9991267,0.9930475,0.9806889,0.948377,2515
1.0,0.9573608,0.84622383,0.6468644,0.52539355,2519
1.0,0.9857751,0.95776814,0.9009412,0.82612896,2520
1.0,0.9980227,0.98884845,0.9720034,0.9233531,2521
1.0,0.960931,0.8667589,0.70280236,0.5926169,2522
1.0,0.9898797,0.9632035,0.9141097,0.83367294,2524
1.0,0.9862738,0.96176267,0.919873,0.8599296,2526
1.0,0.9950368,0.98201406,0.95184606,0.9156772,2531
1.0,0.9976553,0.9917293,0.9680654,0.9415621,2535
1.0,0.587856,0.33008507,0.22224008,0.13648961,2537
1.0,0.9833295,0.962052,0.9152103,0.8517675,2538
1.0,0.9983015,0.9889666,0.9737813,0.94796604,2539
1.0,0.9995713,0.9926141,0.98139465,0.9564458,2543
1.0,0.9883092,0.9458723,0.89418244,0.8378036,2548
1.0,0.9795444,0.9075636,0.811541,0.68854195,2552
1.0,0.9958533,0.9725542,0.9275887,0.8650078,2556
1.0,0.9689811,0.85507536,0.7993781,0.6894974,2557
1.0,0.98011774,0.94457936,0.88107705,0.77660966,2558
1.0,0.9890315,0.9533461,0.901951,0.82152545,2566
1.0,0.94597554,0.88416016,0.78540134,0.6324061,2568
1.0,0.9948418,0.96132797,0.9321529,0.8815693,2569
1.0,0.9978227,0.98598725,0.96986574,0.92570436,2571
1.0,0.98182607,0.8978546,0.7620433,0.6754094,2580
1.0,0.99577445,0.9629069,0.9320289,0.9023871,2581
1.0,0.9992684,0.9941983,0.9849583,0.9662948,2585
1.0,0.9855035,0.96278894,0.91372424,0.86393005,2592
1.0,0.9985039,0.9900496,0.97728217,0.9592393,2593
1.0,0.9534198,0.82142097,0.69402784,0.62009096,2595
1.0,0.98105115,0.9051073,0.8374632,0.7446097,2600
1.0,0.99061996,0.9587503,0.9275429,0.87587935,2609
1.0,0.99901366,0.99355716,0.986612,0.9734275,2611
1.0,0.97314197,0.91294247,0.8684279,0.8006868,2612
1.0,0.9571191,0.89134765,0.77068603,0.69489664,2618
1.0,0.99792266,0.98414963,0.95508456,0.89452183,2619
1.0,0.9963467,0.9864538,0.9576111,0.90943265,2622
1.0,0.9657762,0.89032936,0.7993596,0.6824798,2638
1.0,0.9991914,0.99395627,0.98721266,0.97530186,2639
1.0,0.99662834,0.98222595,0.9585833,0.92526644,2643
1.0,0.9815901,0.9469695,0.8876614,0.81595725,2647
1.0,0.9989761,0.9899751,0.97538173,0.95349735,2649
1.0,0.97731096,0.91267806,0.81094295,0.69984853,2651
1.0,0.99910825,0.9950147,0.98096526,0.9618685,2652
1.0,0.99259824,0.962672,0.9255183,0.8755844,2653
1.0,0.98256576,0.93221265,0.72584766,0.581372,2656
1.0,0.9950286,0.9824793,0.9395653,0.8836143,2658
1.0,0.9968964,0.9822368,0.9399541,0.91345114,2659
1.0,0.99704576,0.9745262,0.95652574,0.91833967,2660
1.0,0.9980494,0.98012567,0.9634116,0.94075817,2661
1.0,0.9741409,0.892642,0.8028251,0.7063611,2666
1.0,0.99814236,0.9908016,0.9721586,0.9514486,2669
1.0,0.9284912,0.80067784,0.6907109,0.56237864,2670
1.0,0.9955233,0.9862907,0.96224564,0.9359815,2672
1.0,0.99902016,0.99428326,0.9847016,0.9604373,2680
1.0,0.997216,0.9864166,0.9701607,0.9509809,2685
1.0,0.974569,0.896468,0.795231,0.71023923,2686
1.0,0.9668279,0.92195636,0.8415918,0.77231693,2691
1.0,0.96826035,0.9129101,0.807639,0.7160586,2693
1.0,0.9556914,0.8367619,0.71115094,0.5663277,2699
1.0,0.9981237,0.9922981,0.9760743,0.95829034,2702
1.0,0.9993635,0.99371046,0.9759635,0.9553156,2703
1.0,0.8089453,0.622602,0.45715198,0.33746275,2706
1.0,0.9974226,0.9803571,0.9639625,0.9242283,2708
1.0,0.99105585,0.9700802,0.9150207,0.8448509,2713
1.0,0.9994096,0.9944632,0.9831312,0.9592735,2717
1.0,0.9942336,0.9768157,0.9451149,0.9149718,2721
1.0,0.9657434,0.87361896,0.7278728,0.57865864,2722
1.0,0.8670694,0.70311457,0.5783918,0.44454426,2725
1.0,0.9996967,0.99686426,0.98990774,0.97193456,2727
1.0,0.9792555,0.9437532,0.8728724,0.77868605,2730
1.0,0.85105306,0.63588476,0.4758898,0.3786148,2731
1.0,0.9995912,0.99415624,0.97756916,0.9585712,2732
1.0,0.9997877,0.99353856,0.9847877,0.96913445,2735
1.0,0.95446724,0.8546307,0.7234229,0.65756404,2736
1.0,0.99896675,0.9925723,0.98361045,0.9632955,2743
1.0,0.98253065,0.9109785,0.8588297,0.7586752,2748
1.0,0.98705727,0.89873093,0.7903602,0.68081385,2751
1.0,0.99964625,0.99647,0.98596036,0.96844405,2754
1.0,0.9885044,0.93852305,0.8732834,0.8058318,2755
1.0,0.9579481,0.89389676,0.8056282,0.72166884,2759
1.0,0.9617248,0.85531926,0.80071634,0.6424633,2762
1.0,0.96550715,0.9068604,0.8182588,0.6852507,2765
1.0,0.96230644,0.8875753,0.8262398,0.74241567,2766
1.0,0.99771684,0.989645,0.96511847,0.9196823,2769
1.0,0.91279066,0.8179601,0.7228533,0.5984804,2774
1.0,0.99289304,0.9553517,0.91385716,0.860216,2775
1.0,0.962256,0.8686609,0.8017999,0.69934195,2787
1.0,0.90288085,0.8130241,0.6779006,0.5550082,2792
1.0,0.99966997,0.99330163,0.9838998,0.9682805,2793
1.0,0.9982084,0.99094,0.9744274,0.9436489,2799
1.0,0.898412,0.7655313,0.6846751,0.5156763,2800
1.0,0.3798623,0.110269174,0.052709226,0.020293334,2802
1.0,0.9469773,0.8343081,0.7547441,0.67571807,2804
1.0,0.9993288,0.9928614,0.9718743,0.9532205,2811
1.0,0.9958464,0.98396534,0.95797557,0.8922386,2813
1.0,0.99336034,0.9696018,0.94387937,0.91359526,2817
1.0,0.9943464,0.96280897,0.92817336,0.8799822,2819
1.0,0.9725685,0.9031304,0.849267,0.77234346,2822
1.0,0.99029297,0.97010344,0.93991435,0.88945156,2823
1.0,0.9944199,0.9714185,0.91980606,0.8404067,2825
1.0,0.8650871,0.67193156,0.4663973,0.322484,2826
1.0,0.9729717,0.8609927,0.73434633,0.58307827,2827
1.0,0.9712217,0.9201071,0.8523149,0.7521369,2829
1.0,0.72011,0.5100686,0.32030344,0.20421919,2830
1.0,0.9986992,0.9947146,0.9759376,0.95860076,2832
1.0,0.9997062,0.9946455,0.9793246,0.94067264,2837
1.0,0.8935573,0.7981678,0.63242143,0.5127531,2842
1.0,0.99874246,0.99241084,0.9796072,0.9495828,2845
1.0,0.9809164,0.9117748,0.82687855,0.72265416,2849
1.0,0.841061,0.70071924,0.50050473,0.32924083,2854
1.0,0.99194545,0.9629119,0.89195347,0.76820254,2855
1.0,0.97192013,0.8680964,0.77867603,0.58116186,2856
1.0,0.99939215,0.9963635,0.9820123,0.9560246,2857
1.0,0.9973841,0.9892462,0.97387064,0.9476865,2858
1.0,0.99676263,0.9878145,0.9699699,0.9207745,2862
1.0,0.99808913,0.99242353,0.9840414,0.9680035,2867
1.0,0.9915402,0.96343386,0.9327038,0.9008597,2870
1.0,0.98738194,0.91185594,0.8583243,0.7418767,2871
1.0,0.966969,0.91975987,0.878129,0.75304425,2876
1.0,0.9818162,0.94588125,0.91370153,0.84801334,2881
1.0,0.9757828,0.9001859,0.852365,0.7598936,2882
1.0,0.88815707,0.64583206,0.53182036,0.3838801,2886
1.0,0.9962793,0.9812153,0.9539647,0.90893495,2887
1.0,0.9991751,0.9919259,0.9631655,0.9265785,2888
1.0,0.99220306,0.9615199,0.9260563,0.86318177,2898
1.0,0.99969786,0.9959945,0.983265,0.9495545,2899
1.0,0.98617953,0.9652629,0.93288374,0.87681514,2902
1.0,0.9924429,0.9776538,0.9386052,0.9050188,2903
1.0,0.9916646,0.9676015,0.92162895,0.84726626,2905
1.0,0.9183169,0.8083344,0.71327436,0.61282104,2914
1.0,0.9987176,0.9826328,0.96106374,0.9303464,2916
1.0,0.9096109,0.79156953,0.687181,0.582916,2920
1.0,0.9910263,0.9570835,0.92475235,0.8753372,2921
1.0,0.9972117,0.98282444,0.9525633,0.8717858,2924
1.0,0.99704236,0.9893142,0.97411746,0.94012785,2927
1.0,0.9969441,0.9891874,0.97214,0.940934,2933
1.0,0.9997584,0.9942998,0.9842326,0.962543,2938
1.0,0.9895582,0.96511674,0.92224574,0.8432912,2941
1.0,0.9982533,0.9920372,0.9807926,0.960292,2942
1.0,0.998322,0.9911318,0.97950757,0.94933194,2944
1.0,0.99560505,0.96419847,0.93235725,0.8809375,2948
1.0,0.99759156,0.98412424,0.96249634,0.87822604,2951
1.0,0.99935037,0.9949292,0.98597246,0.9708868,2952
1.0,0.9869557,0.9029421,0.845432,0.7235687,2961
1.0,0.99045414,0.9575844,0.9079967,0.8478096,2962
1.0,0.99624604,0.9804048,0.9471503,0.90847486,2965
1.0,0.32275984,0.10328,0.04829345,0.022911916,2969
1.0,0.99085045,0.9652054,0.9196143,0.8350928,2972
1.0,0.99587363,0.9828198,0.9603734,0.93675894,2975
1.0,0.82064575,0.5907556,0.47723535,0.4031359,2977
1.0,0.98295015,0.9175947,0.8557482,0.7946875,2979
1.0,0.96425986,0.8567511,0.7905925,0.72066516,2984
1.0,0.97210026,0.916536,0.8422684,0.757991,2985
1.0,0.898505,0.71996194,0.51209885,0.35936764,2992
1.0,0.9989622,0.99324435,0.9836608,0.95535076,3004
1.0,0.9988249,0.9904424,0.97388834,0.9540002,3005
1.0,0.9653246,0.9054203,0.6975092,0.55238074,3010
1.0,0.9704614,0.86155134,0.7581062,0.6268379,3013
1.0,0.9422386,0.8402202,0.68106693,0.53425056,3017
1.0,0.9416166,0.79664505,0.714953,0.5956228,3023
1.0,0.99525434,0.9790851,0.955963,0.9232395,3025
1.0,0.9974634,0.98875505,0.97288173,0.9583332,3026
1.0,0.95012015,0.85352206,0.7762693,0.7092986,3030
1.0,0.7783855,0.6081131,0.50817895,0.389573,3031
1.0,0.98438925,0.9579842,0.8597563,0.78168374,3033
1.0,0.9978442,0.9891381,0.9764458,0.9523182,3035
1.0,0.9657263,0.8999067,0.8105751,0.72762877,3036
1.0,0.9492521,0.8390865,0.7187914,0.5557937,3037
1.0,0.8621519,0.7360543,0.60362446,0.45562372,3042
1.0,0.9958379,0.96661264,0.9402564,0.90539795,3045
1.0,0.9999056,0.9978717,0.9879544,0.96982276,3053
1.0,0.90617365,0.7651113,0.6236289,0.48332065,3055
1.0,0.9668167,0.8838945,0.8048872,0.700796,3058
1.0,0.9994333,0.9955477,0.99049014,0.9809238,3060
1.0,0.9946922,0.9570395,0.866457,0.7358215,3061
1.0,0.9941156,0.9385524,0.89065206,0.82684773,3062
1.0,0.8593972,0.6156746,0.46419963,0.36201552,3063
1.0,0.93924844,0.7835429,0.57697415,0.36926746,3064
1.0,0.9980259,0.98937935,0.97399575,0.9499044,3078
1.0,0.9745481,0.9021284,0.8532047,0.7656355,3084
1.0,0.99800813,0.9805994,0.96162254,0.94052976,3085
1.0,0.984684,0.9267606,0.8504106,0.78862214,3091
1.0,0.8013189,0.68808347,0.55423886,0.41358453,3097
1.0,0.99022806,0.9708462,0.92702466,0.8470773,3105
1.0,0.9328887,0.83942837,0.771326,0.6588534,3106
1.0,0.99844813,0.9857556,0.96029943,0.9260339,3107
1.0,0.9591302,0.89491296,0.7741091,0.61207163,3115
1.0,0.8858199,0.7385555,0.6337511,0.5129369,3121
1.0,0.9867936,0.95917445,0.8691009,0.80097437,3123
1.0,0.9916353,0.94591874,0.8564922,0.7261606,3125
1.0,0.44101438,0.25067654,0.14809912,0.07529415,3134
1.0,0.99794096,0.9912984,0.9760418,0.9277055,3136
1.0,0.978274,0.89590234,0.8044298,0.70900387,3143
1.0,0.96868414,0.89312184,0.807894,0.7231808,3145
1.0,0.4755814,0.24127424,0.13840725,0.09386827,3147
1.0,0.7245294,0.5087916,0.3082975,0.16792428,3149
1.0,0.5283365,0.2975284,0.21959278,0.13603492,3152
1.0,0.79838634,0.6003837,0.47464454,0.3630574,3156
1.0,0.9854107,0.94866616,0.87523824,0.80495495,3157
1.0,0.994793,0.9760833,0.94200146,0.90536135,3161
1.0,0.96007633,0.85230666,0.6815006,0.5482634,3167
1.0,0.96594346,0.8587459,0.73605776,0.5136611,3174
1.0,0.9862179,0.94342995,0.8676244,0.77376306,3184
1.0,0.9980459,0.9888027,0.9720259,0.94282156,3185
1.0,0.99882925,0.9799859,0.952937,0.88729995,3186
1.0,0.99698025,0.9874832,0.95233107,0.9184114,3187
1.0,0.9960065,0.97655505,0.93163234,0.8605748,3190
1.0,0.988377,0.9504859,0.8873751,0.76559937,3201
1.0,0.9760143,0.93481994,0.8884371,0.78895885,3206
1.0,0.99527425,0.9648163,0.9392805,0.8990121,3208
1.0,0.9437726,0.788279,0.6602236,0.5077988,3209
1.0,0.5301282,0.26984054,0.15644524,0.08480862,3212
1.0,0.8949065,0.78532135,0.6911288,0.54561114,3216
1.0,0.9941955,0.9569151,0.8958786,0.82712066,3224
1.0,0.9972871,0.9835592,0.9592534,0.90501654,3228
1.0,0.9965623,0.98466843,0.94447786,0.89712733,3232
1.0,0.9942439,0.97751284,0.93244195,0.88708264,3242
1.0,0.9467816,0.85930115,0.78633404,0.7074021,3243
1.0,0.9622397,0.89563215,0.78527963,0.6855807,3245
1.0,0.99858767,0.9850906,0.9579709,0.9194366,3249
1.0,0.9855111,0.9550302,0.9074813,0.8263513,3250
1.0,0.99834526,0.9855497,0.9697617,0.9417344,3252
1.0,0.7957438,0.60662663,0.45993376,0.2750216,3253
1.0,0.92632157,0.84030426,0.6936567,0.5826036,3255
1.0,0.9689594,0.88621324,0.75363547,0.648711,3256
1.0,0.9604761,0.88734514,0.8046549,0.751761,3258
1.0,0.9741197,0.902374,0.8143802,0.70131505,3267
1.0,0.9955539,0.98309994,0.95094436,0.8808875,3270
1.0,0.89790577,0.71044225,0.6198313,0.5082783,3274
1.0,0.8149437,0.6360462,0.51721364,0.40548277,3290
1.0,0.999425,0.99514264,0.98613155,0.963408,3296
1.0,0.7802726,0.61881435,0.50486326,0.4260721,3304
1.0,0.96380657,0.92100686,0.8387759,0.7380306,3306
1.0,0.71546495,0.43906054,0.29188734,0.21508743,3309
1.0,0.95963204,0.8748105,0.7789822,0.706525,3312
1.0,0.9556437,0.86361176,0.73990864,0.5414542,3313
1.0,0.6481314,0.33786884,0.23573624,0.15691727,3317
1.0,0.9956806,0.9703822,0.8911471,0.80047727,3320
1.0,0.99178874,0.9638561,0.90974134,0.8592722,3321
1.0,0.9997287,0.9963217,0.98688614,0.97181195,3324
1.0,0.98086673,0.94122136,0.8276374,0.75568205,3327
1.0,0.9287692,0.76356226,0.68932134,0.5978933,3330
1.0,0.9792459,0.90471214,0.82887614,0.7341092,3331
1.0,0.8962155,0.7315066,0.5761042,0.33092833,3333
1.0,0.9900498,0.96930516,0.93460476,0.86798775,3334
1.0,0.73537606,0.54045343,0.43401116,0.29388765,3338
1.0,0.99895334,0.9911869,0.97275674,0.9545539,3342
1.0,0.95886064,0.8919977,0.75780886,0.6188568,3343
1.0,0.98241866,0.9401216,0.8672145,0.750362,3344
1.0,0.9952556,0.97922695,0.96346194,0.9129006,3345
1.0,0.98438096,0.95316684,0.91925824,0.875323,3346
1.0,0.9708155,0.90736294,0.8327816,0.7699629,3347
1.0,0.5892755,0.3831033,0.27759552,0.21361288,3348
1.0,0.9809636,0.9367836,0.8033183,0.69920105,3351
1.0,0.8750093,0.71469873,0.55956984,0.44413814,3352
1.0,0.9809382,0.9014382,0.7639955,0.62956506,3357
1.0,0.9991862,0.9932257,0.97641575,0.9596853,3362
1.0,0.8948901,0.7088121,0.5166139,0.39886317,3366
1.0,0.97626215,0.85732174,0.75697756,0.65684545,3367
1.0,0.772601,0.5081568,0.3882738,0.26052523,3368
1.0,0.9001168,0.74193555,0.5887663,0.42683464,3371
1.0,0.8592751,0.6655612,0.50621533,0.40548587,3372
1.0,0.40222025,0.17751691,0.10040635,0.058898978,3373
1.0,0.99965286,0.99674106,0.9917398,0.9870002,3376
1.0,0.88452494,0.7306179,0.57298476,0.44023612,3378
1.0,0.9508656,0.86951095,0.79964614,0.67975706,3382
1.0,0.69106805,0.49469674,0.36689308,0.24678233,3383
1.0,0.9988084,0.99243915,0.9806658,0.9576219,3384
1.0,0.9017373,0.74012876,0.59553814,0.39750093,3385
1.0,0.99064904,0.95239574,0.9043951,0.84238565,3386
1.0,0.9108091,0.7577779,0.6642298,0.5550367,3387
1.0,0.9687309,0.9011479,0.80433613,0.69037706,3393
1.0,0.99931955,0.9945997,0.9863071,0.9613004,3398
1.0,0.8927544,0.71990985,0.48398298,0.32701156,3406
1.0,0.98497945,0.9091914,0.86742914,0.7615291,3409
1.0,0.99390614,0.95805794,0.9077505,0.84823495,3411
1.0,0.9904117,0.9553129,0.9064127,0.8464893,3413
1.0,0.97969544,0.93433267,0.8783612,0.7786266,3416
1.0,0.99295205,0.9634099,0.9197588,0.8080919,3417
1.0,0.9989617,0.9905088,0.9629299,0.92223406,3419
1.0,0.99299586,0.9681339,0.9263635,0.8821756,3423
1.0,0.9955377,0.9699146,0.9230331,0.8644871,3425
1.0,0.98989016,0.96073073,0.9259558,0.8568303,3428
1.0,0.9919298,0.97134095,0.93958473,0.8973366,3430
1.0,0.9707047,0.8601564,0.760785,0.6461201,3434
1.0,0.982485,0.9501054,0.8728923,0.82950836,3443
1.0,0.9979885,0.97064126,0.94759804,0.8992252,3445
1.0,0.926762,0.8327928,0.70085835,0.5750403,3447
1.0,0.99953276,0.991944,0.9732538,0.93687123,3455
1.0,0.99090195,0.9576882,0.8774465,0.79771763,3459
1.0,0.9986957,0.9894348,0.97034967,0.9374288,3467
1.0,0.9992918,0.98633796,0.97526836,0.9393561,3468
1.0,0.99912584,0.98569053,0.9639366,0.93285614,3472
1.0,0.99611074,0.9811625,0.94996375,0.9090787,3481
1.0,0.99530286,0.978473,0.943954,0.87311864,3489
1.0,0.9904758,0.96424574,0.9315801,0.86472255,3492
1.0,0.9994791,0.99288845,0.98301286,0.9593689,3496
1.0,0.9954172,0.9828862,0.9640948,0.90018433,3499
1.0,0.99509573,0.9681028,0.94620883,0.9059638,3505
1.0,0.88069284,0.7616999,0.65727973,0.52595687,3507
1.0,0.9920687,0.95732254,0.90964407,0.84112537,3509
1.0,0.9563398,0.8435428,0.6927788,0.5584185,3510
1.0,0.9940591,0.9821295,0.9541183,0.891516,3512
1.0,0.9812294,0.93624014,0.8949326,0.82099324,3513
1.0,0.9984751,0.98326063,0.9419301,0.9008359,3519
1.0,0.67038393,0.43798086,0.29589573,0.17197172,3526
1.0,0.99351454,0.96777457,0.9359777,0.8683079,3530
1.0,0.8668203,0.70354563,0.5520671,0.39687836,3536
1.0,0.9209627,0.7423683,0.6127954,0.4852569,3537
1.0,0.964639,0.8763325,0.7854323,0.6654431,3538
1.0,0.99360776,0.9667516,0.93300724,0.86046416,3539
1.0,0.99818903,0.9918681,0.96288764,0.9224696,3543
1.0,0.99811643,0.9898133,0.9649938,0.9252627,3544
1.0,0.9991641,0.9933545,0.98775375,0.9777914,3545
1.0,0.98499525,0.93475366,0.86133975,0.7657668,3550
1.0,0.9884374,0.95130694,0.87527674,0.8119256,3555
1.0,0.9999553,0.99921006,0.9967188,0.98584354,3558
1.0,0.9851782,0.94642395,0.88532573,0.7503709,3560
1.0,0.99222726,0.97291285,0.9408535,0.88356334,3561
1.0,0.9967823,0.95932007,0.9187702,0.87271625,3564
1.0,0.98658305,0.95309734,0.8979372,0.833291,3570
1.0,0.99345225,0.9555028,0.9017154,0.86046886,3574
1.0,0.9987818,0.9878428,0.9760609,0.96375513,3576
1.0,0.9626095,0.9046515,0.83213824,0.7206111,3577
1.0,0.9927987,0.9567761,0.9101905,0.86394846,3578
1.0,0.9852345,0.9544162,0.8692109,0.7806774,3579
1.0,0.99914205,0.99216413,0.9820691,0.9653885,3585
1.0,0.99922746,0.98737526,0.9671515,0.9438063,3586
1.0,0.95378697,0.88379365,0.80115354,0.67869943,3602
1.0,0.9361363,0.8443939,0.76411515,0.65491974,3620
1.0,0.5173419,0.3036755,0.16840981,0.09047443,3626
1.0,0.9979861,0.9871096,0.9628461,0.92619544,3627
1.0,0.9994306,0.9922646,0.98169005,0.9637711,3628
1.0,0.97331715,0.90436864,0.8172174,0.72567576,3629
1.0,0.9824149,0.94811344,0.89281666,0.77357435,3630
1.0,0.9875307,0.94072765,0.88178664,0.8355581,3632
1.0,0.98731995,0.9613247,0.9059197,0.79901576,3636
1.0,0.96924627,0.90765685,0.8194124,0.7061617,3641
1.0,0.9711712,0.9056655,0.81557965,0.7285216,3642
1.0,0.7854858,0.6292621,0.45805594,0.30964527,3647
1.0,0.89209944,0.7944188,0.69816446,0.574755,3649
1.0,0.84337896,0.6519472,0.46794572,0.39603952,3650
1.0,0.98047936,0.94344324,0.87148994,0.79905254,3653
1.0,0.9614442,0.8656343,0.77958804,0.6300345,3655
1.0,0.90326506,0.8166195,0.6933051,0.6058873,3656
1.0,0.98268294,0.9460174,0.8682314,0.74421674,3658
1.0,0.9979755,0.98351914,0.96641773,0.9413663,3659
1.0,0.9835983,0.9535371,0.91858596,0.8321878,3662
1.0,0.90204734,0.7685892,0.58668584,0.489042,3666
1.0,0.9286484,0.8351651,0.6831316,0.53885996,3668
1.0,0.78480554,0.60947424,0.528599,0.4166322,3676
1.0,0.7430133,0.5498558,0.39367735,0.26549205,3678
1.0,0.53780633,0.26942512,0.17623693,0.12776035,3680
1.0,0.9979795,0.9847054,0.9631568,0.93368876,3689
1.0,0.99263275,0.96834886,0.9224313,0.8593708,3694
1.0,0.90970224,0.7492384,0.621702,0.5272969,3697
1.0,0.9841556,0.93613863,0.879197,0.80339557,3705
1.0,0.9707103,0.89876485,0.8173621,0.62822694,3706
1.0,0.9940289,0.97435117,0.93058085,0.88582903,3707
1.0,0.9360767,0.81613463,0.60272074,0.46556607,3708
1.0,0.9510656,0.87652206,0.80642974,0.74208367,3716
1.0,0.92395175,0.82827663,0.708198,0.57737434,3717
1.0,0.56330717,0.36048332,0.23713362,0.123602696,3724
1.0,0.9872031,0.95306385,0.91186076,0.81559485,3728
1.0,0.9706132,0.94265693,0.8840758,0.8030101,3736
1.0,0.98258597,0.9573149,0.90702087,0.86103034,3737
1.0,0.6714197,0.49699867,0.3319902,0.21877056,3738
1.0,0.9662655,0.87543213,0.80211264,0.71087617,3739
1.0,0.99032265,0.95799667,0.90878,0.84247977,3740
1.0,0.98632044,0.9426127,0.89866304,0.8152838,3742
1.0,0.99170816,0.9712808,0.90770435,0.8423436,3743
1.0,0.98850334,0.9729539,0.9488427,0.90182483,3751
1.0,0.9811924,0.9390276,0.8692995,0.79543877,3752
1.0,0.9958464,0.97475564,0.93881166,0.89797616,3753
1.0,0.97045296,0.9146855,0.8644941,0.78595203,3754
1.0,0.99520797,0.97775286,0.9385317,0.87464905,3758
1.0,0.99927485,0.9893408,0.9746546,0.95130104,3760
1.0,0.9979659,0.9834767,0.96286786,0.9028971,3761
1.0,0.9891093,0.95595723,0.9095643,0.8380601,3765
1.0,0.99475867,0.97766995,0.95186746,0.8828507,3768
1.0,0.97807956,0.93355864,0.8603373,0.7566204,3769
1.0,0.99952173,0.99422526,0.98932236,0.97799313,3771
1.0,0.98350424,0.9531705,0.8871686,0.7774603,3776
1.0,0.98883635,0.9647435,0.9426505,0.91038305,3780
1.0,0.99976665,0.9950823,0.9857704,0.9626357,3783
1.0,0.8211876,0.6259434,0.4842554,0.39604113,3785
1.0,0.8222398,0.59036577,0.4454555,0.31117278,3786
1.0,0.90402263,0.69256496,0.56646854,0.48419312,3789
1.0,0.7383513,0.5092373,0.38208964,0.24831781,3795
1.0,0.99690294,0.9849172,0.9572689,0.92579764,3796
1.0,0.8346519,0.6878841,0.5127811,0.44482863,3797
1.0,0.9793148,0.9312067,0.82701844,0.74889624,3804
1.0,0.9949489,0.9760435,0.9166408,0.86219525,3807
1.0,0.9887799,0.9336375,0.85993594,0.81608546,3809
1.0,0.9354598,0.83672476,0.7656151,0.6543632,3810
1.0,0.97562975,0.87603486,0.73885304,0.65663993,3812
1.0,0.9975167,0.9889859,0.9678084,0.9411063,3813
1.0,0.8839922,0.7907547,0.6462708,0.5378504,3815
1.0,0.9873283,0.92055166,0.8417583,0.7395774,3822
1.0,0.98660165,0.95968,0.9112217,0.82035494,3828
1.0,0.9143999,0.8209237,0.66504735,0.52556473,3834
1.0,0.9665027,0.9129218,0.8337491,0.7519363,3835
1.0,0.99848676,0.9899139,0.97155577,0.9410078,3844
1.0,0.9561367,0.83435744,0.757427,0.66338444,3848
1.0,0.9931316,0.97627765,0.9514699,0.9154897,3854
1.0,0.9530444,0.8220557,0.7342886,0.63592774,3856
1.0,0.97080725,0.9177267,0.8103005,0.6573336,3869
1.0,0.98268205,0.94876957,0.8583165,0.7748432,3874
1.0,0.9975748,0.9839044,0.9632191,0.91562164,3880
1.0,0.98558027,0.96181476,0.9271546,0.8854532,3885
1.0,0.98360276,0.9483948,0.8627301,0.78346705,3896
1.0,0.99870586,0.9923791,0.975634,0.9552918,3898
1.0,0.675254,0.43374553,0.25163907,0.13240483,3900
1.0,0.9995094,0.9936122,0.97784233,0.9458681,3902
1.0,0.9327215,0.8430394,0.7418782,0.607064,3907
1.0,0.7875506,0.5648813,0.37773395,0.25054663,3909
1.0,0.96443814,0.8764438,0.790432,0.6937478,3910
1.0,0.9905372,0.967874,0.93591183,0.88437057,3911
1.0,0.9902276,0.9712676,0.93231064,0.866329,3912
1.0,0.9716535,0.92487127,0.8277641,0.76949537,3915
1.0,0.9419287,0.86360663,0.7728882,0.6860358,3916
1.0,0.9996667,0.9931834,0.9815965,0.9580855,3925
1.0,0.9346653,0.84826094,0.7580092,0.67847806,3928
1.0,0.9970484,0.9825754,0.9624518,0.9047926,3933
1.0,0.988378,0.9101364,0.84538174,0.7815703,3935
1.0,0.9989261,0.98837477,0.9724767,0.9542501,3937
1.0,0.9987522,0.99342066,0.9775431,0.96620005,3940
1.0,0.9929667,0.97054493,0.9366748,0.8772476,3941
1.0,0.99975455,0.9980816,0.9936748,0.9871993,3949
1.0,0.99218965,0.965974,0.94495517,0.90715754,3955
1.0,0.9977278,0.9850001,0.9545929,0.9232607,3956
1.0,0.66819406,0.41344535,0.29085866,0.22166656,3961
1.0,0.9987642,0.990006,0.97902995,0.9617144,3966
1.0,0.9216221,0.8456553,0.7334463,0.60571665,3968
1.0,0.9271901,0.83250856,0.68786913,0.5207283,3970
1.0,0.99574095,0.98368853,0.9703109,0.94696385,3976
1.0,0.9059634,0.7114825,0.58212966,0.45800292,3981
1.0,0.848106,0.62902457,0.44438425,0.33531144,3985
1.0,0.9974585,0.9895427,0.9704343,0.9396897,3992
1.0,0.9954038,0.9822039,0.9514373,0.90043074,3996
1.0,0.98167413,0.9487939,0.87704194,0.77718645,4000
1.0,0.9846083,0.9527126,0.91976106,0.8395492,4002
1.0,0.98520356,0.9629139,0.91704655,0.81862694,4003
1.0,0.94948334,0.8133217,0.6963237,0.6280692,4008
1.0,0.8207293,0.5339799,0.3618194,0.28751567,4014
1.0,0.99901253,0.99071157,0.9769938,0.9546871,4018
1.0,0.998648,0.9843796,0.9709238,0.94857574,4020
1.0,0.99519193,0.98214644,0.9464891,0.89370286,4024
1.0,0.99861485,0.9916889,0.9739895,0.9379697,4025
1.0,0.9932792,0.9572009,0.9042785,0.8449982,4029
1.0,0.9833422,0.952062,0.92034304,0.88870937,4030
1.0,0.779655,0.6138147,0.4502455,0.3305472,4031
1.0,0.9932615,0.9773652,0.9514464,0.9097403,4032
1.0,0.99269164,0.96782434,0.94882053,0.9275879,4039
1.0,0.95044655,0.87034494,0.79218644,0.6995036,4046
1.0,0.9921393,0.9705916,0.9408711,0.90193415,4050
1.0,0.94043523,0.7813889,0.6572858,0.5315172,4051
1.0,0.9667294,0.8920323,0.80505234,0.6875118,4057
1.0,0.998033,0.98265046,0.9483049,0.873917,4068
1.0,0.5946418,0.3806477,0.257668,0.19579814,4072
1.0,0.98754716,0.94226587,0.89863366,0.83308905,4073
1.0,0.9931721,0.97097003,0.9356297,0.8706245,4074
1.0,0.4704416,0.1906891,0.08522425,0.038452026,4080
1.0,0.93311936,0.83039296,0.6819019,0.53985953,4081
1.0,0.97543633,0.93243164,0.88598245,0.83882815,4082
1.0,0.9890064,0.9509841,0.9251692,0.87920237,4086
1.0,0.9978532,0.9912209,0.97448826,0.93321836,4091
1.0,0.99331343,0.97535306,0.93902916,0.8556625,4093
1.0,0.99653953,0.9859456,0.93902457,0.8879669,4095
1.0,0.9330179,0.82550323,0.7686065,0.69607115,4106
1.0,0.953076,0.8317678,0.7286594,0.65269333,4107
1.0,0.9979965,0.9901671,0.97229165,0.95441526,4116
1.0,0.9986922,0.9810929,0.9604482,0.9356323,4119
1.0,0.98107827,0.9383748,0.8601335,0.7402306,4131
1.0,0.74192023,0.56715584,0.40141565,0.28451878,4135
1.0,0.7353385,0.4956378,0.35632083,0.19698587,4139
1.0,0.27719906,0.119938016,0.041481905,0.023569062,4142
1.0,0.9773506,0.90897113,0.8614593,0.79816246,4146
1.0,0.8886607,0.7867659,0.6703156,0.47625166,4149
1.0,0.9856061,0.95094645,0.8950036,0.8181563,4152
1.0,0.963584,0.87350094,0.7994541,0.6772824,4153
1.0,0.9994877,0.9942053,0.9865227,0.971464,4155
1.0,0.9954033,0.9743601,0.9282551,0.8807818,4158
1.0,0.99413174,0.9750093,0.9425541,0.89847773,4161
1.0,0.99952817,0.99220175,0.97899055,0.95367223,4169
1.0,0.9111189,0.8309541,0.7660076,0.6368091,4171
1.0,0.68990934,0.4733224,0.29049292,0.16284738,4173
1.0,0.9990981,0.99328744,0.96433645,0.94348943,4176
1.0,0.8710306,0.6615196,0.46784735,0.313127,4177
1.0,0.91212904,0.79717577,0.6511567,0.4774651,4178
1.0,0.9658148,0.8670648,0.7030182,0.59151155,4182
1.0,0.99173003,0.96665347,0.9230524,0.85886025,4183
1.0,0.99370444,0.97360295,0.95402366,0.91878587,4186
1.0,0.9827089,0.93244547,0.9014448,0.8434841,4187
1.0,0.98118937,0.8988185,0.8178851,0.74011415,4189
1.0,0.9609493,0.89958847,0.82229847,0.7766964,4191
1.0,0.9938401,0.98016566,0.93227845,0.89257425,4193
1.0,0.9958964,0.9740109,0.93678653,0.88216674,4196
1.0,0.999343,0.99058026,0.98168117,0.95256186,4197
1.0,0.86055595,0.69660515,0.48022863,0.3583213,4198
1.0,0.951087,0.72988075,0.60773706,0.45674247,4201
1.0,0.997564,0.9856158,0.96777636,0.9389513,4204
1.0,0.9984988,0.99287635,0.97612953,0.9506893,4205
1.0,0.83160776,0.686113,0.55170345,0.40584773,4208
1.0,0.4599354,0.19315338,0.106236294,0.05279114,4212
1.0,0.9992317,0.9950927,0.9844637,0.9594993,4215
1.0,0.9935675,0.9683957,0.9238269,0.86004215,4220
1.0,0.93501097,0.83383095,0.6949889,0.5699429,4222
1.0,0.51710117,0.27960318,0.16280095,0.08230566,4232
1.0,0.5106382,0.28718397,0.18428057,0.1045204,4233
1.0,0.9871475,0.93573344,0.8933405,0.80978197,4241
1.0,0.99900365,0.9948457,0.9879975,0.9751267,4254
1.0,0.9947935,0.9563934,0.9167452,0.83820593,4259
1.0,0.9922779,0.9500554,0.8950682,0.8367086,4261
1.0,0.9765619,0.9328143,0.87238204,0.7787479,4263
1.0,0.97142965,0.91965806,0.85166156,0.7975854,4266
1.0,0.99226934,0.9609589,0.9296645,0.89305526,4270
1.0,0.9990996,0.99321556,0.9747297,0.9293155,4271
1.0,0.990832,0.96063316,0.89833564,0.83697385,4272
1.0,0.9889591,0.95434725,0.9135705,0.83204347,4277
1.0,0.97628355,0.8791501,0.7474925,0.6398732,4279
1.0,0.99047136,0.9697101,0.9276469,0.8718804,4283
1.0,0.9885935,0.9229202,0.861627,0.8076266,4284
1.0,0.9672854,0.90444607,0.77606153,0.64380217,4289
1.0,0.9994923,0.99535984,0.98766667,0.9629447,4290
1.0,0.9995821,0.9954521,0.9899872,0.9712203,4291
1.0,0.87529576,0.7668469,0.564156,0.46070388,4294
1.0,0.9197204,0.74383825,0.68017733,0.574452,4297
1.0,0.9879612,0.9410483,0.8832134,0.80091053,4301
1.0,0.9986914,0.985371,0.96887636,0.93684995,4307
1.0,0.9949479,0.97645766,0.9525773,0.90336525,4312
1.0,0.9511414,0.84221375,0.78343654,0.7019903,4314
1.0,0.963114,0.8912605,0.84298676,0.76587945,4318
1.0,0.99597114,0.98230803,0.96395224,0.90593624,4322
1.0,0.71657276,0.56744725,0.42588,0.31986448,4328
1.0,0.99615777,0.9774426,0.94134516,0.8983648,4329
1.0,0.8861562,0.71920246,0.5742529,0.41375348,4330
1.0,0.9846477,0.93892163,0.86429065,0.7986937,4333
1.0,0.98299783,0.9084821,0.85714024,0.7902481,4342
1.0,0.9606418,0.88146186,0.77100664,0.6535354,4343
1.0,0.99827325,0.99319494,0.98526126,0.9670887,4344
1.0,0.9884462,0.91474706,0.83331025,0.72269917,4348
1.0,0.99902606,0.9913301,0.9753515,0.93571824,4350
1.0,0.97312385,0.8948145,0.8054282,0.7209707,4353
1.0,0.99690974,0.96863604,0.92412746,0.86653614,4354
1.0,0.851321,0.7265145,0.6036944,0.48790815,4357
1.0,0.98634464,0.93637234,0.8565549,0.7531933,4367
1.0,0.99428356,0.97864723,0.9543386,0.9221402,4371
1.0,0.9961162,0.9875299,0.9735237,0.95153654,4372
1.0,0.999774,0.9966912,0.99177307,0.97907233,4379
1.0,0.7299818,0.47775537,0.33172554,0.23136653,4380
1.0,0.8338539,0.67302305,0.5153568,0.30921942,4384
1.0,0.9972438,0.983112,0.96458274,0.93283856,4386
1.0,0.9722946,0.91373104,0.84907085,0.77008337,4388
1.0,0.97859424,0.9393753,0.89435345,0.7988708,4389
1.0,0.9952442,0.98246044,0.93732303,0.88046205,4391
1.0,0.905977,0.79903656,0.72148,0.57193434,4392
1.0,0.9632477,0.91937745,0.87504643,0.7836499,4393
1.0,0.9989838,0.9929717,0.9787427,0.95428884,4394
1.0,0.9967229,0.98761106,0.96135396,0.90516746,4397
1.0,0.86261594,0.69314486,0.5117613,0.4100399,4400
1.0,0.99704593,0.98420423,0.9636957,0.9106817,4401
1.0,0.99724424,0.9819957,0.9284688,0.8667752,4402
1.0,0.99909025,0.9842992,0.9633943,0.9194624,4404
1.0,0.99810004,0.9836794,0.96110606,0.92519826,4407
1.0,0.9976603,0.98463124,0.9613808,0.92580885,4415
1.0,0.9865719,0.9481587,0.88973427,0.8345077,4416
1.0,0.9994426,0.9936521,0.9854822,0.9706255,4418
1.0,0.9003286,0.75897145,0.6522146,0.49501932,4421
1.0,0.98781455,0.93464845,0.89230114,0.81399405,4426
1.0,0.92879456,0.8300801,0.74613345,0.6530008,4427
1.0,0.99513996,0.9733369,0.93223715,0.8694521,4428
1.0,0.99695355,0.98506486,0.94729495,0.8885649,4429
1.0,0.9938991,0.9572537,0.8743897,0.7697073,4431
1.0,0.98901045,0.96804893,0.9031984,0.8218274,4434
1.0,0.97818846,0.9329839,0.850165,0.7796383,4435
1.0,0.8709438,0.727814,0.57677424,0.48175594,4437
1.0,0.998509,0.9924975,0.98292094,0.96388865,4443
1.0,0.99545556,0.97891766,0.9481248,0.9180803,4446
1.0,0.9915609,0.9744251,0.9530577,0.92127436,4452
1.0,0.98899674,0.9584273,0.9107624,0.79644465,4462
1.0,0.7878002,0.6017397,0.47318023,0.30052036,4463
1.0,0.9889025,0.9544997,0.8957982,0.83450276,4465
1.0,0.9328343,0.81447476,0.61993134,0.4609514,4471
1.0,0.7153,0.37031156,0.22733077,0.12817635,4472
1.0,0.9959282,0.9825331,0.9730475,0.95372987,4474
1.0,0.9912984,0.9608455,0.9361207,0.8892672,4478
1.0,0.9915352,0.9683812,0.9194066,0.85083413,4480
1.0,0.99727064,0.9909379,0.96128714,0.9386531,4483
1.0,0.91288155,0.7760801,0.670612,0.49161062,4487
1.0,0.99139905,0.96528023,0.93174446,0.8721637,4490
1.0,0.97370183,0.8918326,0.8230873,0.72342616,4493
1.0,0.9986355,0.9883766,0.9525969,0.9006657,4494
1.0,0.88421035,0.76897746,0.66256607,0.53464717,4497
1.0,0.947356,0.83342844,0.61592263,0.4484028,4501
1.0,0.96632427,0.8735418,0.7892058,0.6573921,4503
1.0,0.99935174,0.9957928,0.9835049,0.967716,4504
1.0,0.98776615,0.94455284,0.8575855,0.7813106,4505
1.0,0.9993395,0.99635625,0.9881083,0.9735494,4506
1.0,0.81427664,0.6801222,0.5618068,0.4442835,4508
1.0,0.9968353,0.9800587,0.9550213,0.91305435,4511
1.0,0.99978876,0.9979604,0.9888469,0.9743197,4513
1.0,0.9991016,0.9928353,0.98292786,0.9541027,4520
1.0,0.9969349,0.97685534,0.94254136,0.8998432,4524
1.0,0.99516666,0.98592716,0.9558169,0.9175488,4526
1.0,0.9994096,0.9952425,0.97448677,0.9440625,4527
1.0,0.99837005,0.98951393,0.9780548,0.96159273,4532
1.0,0.9908917,0.9447813,0.8819806,0.8253269,4537
1.0,0.71375054,0.54306805,0.4204016,0.33179268,4540
1.0,0.99782413,0.98689395,0.9745705,0.95009553,4541
1.0,0.9981731,0.9928441,0.9742413,0.9515123,4545
1.0,0.5045216,0.30954388,0.20711774,0.12304616,4546
1.0,0.99881285,0.99461097,0.98634315,0.95884717,4547
1.0,0.98901373,0.91666377,0.79944247,0.7096194,4549
1.0,0.99692976,0.98685384,0.94846606,0.8914321,4551
1.0,0.9989823,0.9855069,0.9559841,0.8980412,4557
1.0,0.9829444,0.94472647,0.8902905,0.83610153,4562
1.0,0.998154,0.98304677,0.9528419,0.90958405,4573
1.0,0.8371773,0.67321944,0.52015084,0.3862404,4575
1.0,0.2697303,0.105936244,0.053227182,0.0266256,4579
1.0,0.9993541,0.99415576,0.97342646,0.9488949,4580
1.0,0.9738801,0.9330183,0.8445468,0.7889752,4583
1.0,0.9883908,0.96402997,0.92742944,0.87333024,4585
1.0,0.9846734,0.9400389,0.8420428,0.77449554,4587
1.0,0.9988006,0.9928121,0.97977155,0.96331435,4594
1.0,0.99855816,0.9876765,0.96332765,0.92529625,4595
1.0,0.9982872,0.9792373,0.9564457,0.9163769,4608
1.0,0.9644987,0.89045167,0.7668562,0.57788223,4611
1.0,0.94221073,0.8221168,0.7037815,0.57315624,4612
1.0,0.99496484,0.9689013,0.90304697,0.8571287,4614
1.0,0.8413391,0.5940945,0.37837502,0.26358542,4617
1.0,0.7962059,0.6261296,0.5236796,0.40514854,4619
1.0,0.62922055,0.3935556,0.2542821,0.13987589,4625
1.0,0.9893701,0.97088075,0.9453198,0.8890138,4627
1.0,0.9957783,0.9751172,0.94514126,0.8912935,4630
1.0,0.999181,0.9942073,0.98399484,0.9754192,4631
1.0,0.99703586,0.98230314,0.95228666,0.8813506,4632
1.0,0.6338581,0.41626132,0.25987914,0.14593273,4634
1.0,0.9952217,0.9688782,0.9293355,0.8891437,4635
1.0,0.9975998,0.9899575,0.9746407,0.95554256,4639
1.0,0.99823684,0.9902152,0.96342117,0.92711455,4640
1.0,0.9747345,0.9260659,0.8664125,0.77423006,4644
1.0,0.96414596,0.898661,0.833983,0.70476514,4647
1.0,0.9861756,0.95045096,0.90271366,0.78539276,4649
1.0,0.8349637,0.68053156,0.56961,0.4265483,4674
1.0,0.99034375,0.9684089,0.90540427,0.8285942,4684
1.0,0.96730274,0.9054998,0.8333741,0.6931601,4686
1.0,0.86433446,0.7626033,0.6368149,0.5385692,4689
1.0,0.998817,0.98405296,0.971983,0.93222344,4693
1.0,0.963663,0.9107619,0.8436505,0.7493802,4698
1.0,0.9468953,0.8293134,0.6975876,0.5562076,4699
1.0,0.99258775,0.95612264,0.89749,0.8522551,4713
1.0,0.85739213,0.710488,0.5602316,0.4390134,4717
1.0,0.98681074,0.9208422,0.84555346,0.76898617,4725
1.0,0.99907374,0.9931825,0.97882587,0.9552113,4730
1.0,0.9986563,0.9915841,0.9806046,0.9654991,4731
1.0,0.9943038,0.96121264,0.9235019,0.8498571,4734
1.0,0.99404645,0.9570598,0.9020279,0.8286733,4740
1.0,0.8614786,0.7114511,0.54071265,0.3719366,4744
1.0,0.9902152,0.9567429,0.88089657,0.7801592,4745
1.0,0.99695694,0.980769,0.9520906,0.9025464,4750
1.0,0.9818656,0.891176,0.8429956,0.72978497,4758
1.0,0.9974365,0.9901131,0.9438878,0.90818316,4761
1.0,0.70303595,0.4281256,0.34396487,0.24641034,4763
1.0,0.99602216,0.97918993,0.9490843,0.91654,4768
1.0,0.99834573,0.992077,0.96755636,0.93576795,4773
1.0,0.9748201,0.9148343,0.8400432,0.73147696,4776
1.0,0.98837036,0.932381,0.87817174,0.82829005,4778
1.0,0.9711606,0.9272214,0.8927628,0.814052,4780
1.0,0.9886489,0.95891863,0.88914853,0.7790032,4785
1.0,0.9809109,0.94783014,0.9015575,0.85002786,4786
1.0,0.9970325,0.9829971,0.95443636,0.905389,4788
1.0,0.79618186,0.6186637,0.42641902,0.30838403,4794
1.0,0.18104917,0.05515561,0.019195683,0.008360254,4800
1.0,0.99329066,0.9723705,0.930893,0.8817212,4801
1.0,0.9581938,0.9112355,0.8472564,0.77372545,4802
1.0,0.9924372,0.9618531,0.9306128,0.89299953,4803
1.0,0.9934251,0.9618195,0.91067,0.84223944,4804
1.0,0.99384034,0.9701869,0.93507504,0.8919632,4806
1.0,0.47097412,0.2183535,0.13544112,0.079986304,4808
1.0,0.9455273,0.8402408,0.72811246,0.5921087,4813
1.0,0.9981809,0.98740244,0.9688652,0.9443616,4814
1.0,0.98648924,0.9620454,0.91868293,0.85665035,4819
1.0,0.99960923,0.9912228,0.9756004,0.9414258,4823
1.0,0.948468,0.85504454,0.74061006,0.63956106,4824
1.0,0.9967602,0.97866845,0.9427509,0.90312636,4832
1.0,0.9897587,0.9523297,0.8725136,0.78087014,4833
1.0,0.95362234,0.90541697,0.798167,0.70214635,4834
1.0,0.92191094,0.80293244,0.55068266,0.41130316,4835
1.0,0.9963529,0.97787225,0.9650713,0.93426967,4837
1.0,0.8763965,0.6518056,0.5283254,0.4432782,4839
1.0,0.9839413,0.9451792,0.91280067,0.8546822,4841
1.0,0.9907159,0.9489341,0.91487116,0.88283765,4843
1.0,0.9165284,0.8445287,0.7007613,0.62579834,4845
1.0,0.9887017,0.95000255,0.90333134,0.8170399,4847
1.0,0.89622873,0.69932634,0.50961196,0.39949474,4848
1.0,0.9976592,0.9891846,0.9712435,0.9554037,4854
1.0,0.9822432,0.9525741,0.90849763,0.84974504,4856
1.0,0.9965615,0.97191304,0.9217621,0.8904432,4862
1.0,0.98623854,0.9371928,0.8701715,0.7579129,4863
1.0,0.9898901,0.9517268,0.89739996,0.8451927,4869
1.0,0.99681896,0.9775308,0.941396,0.89680445,4870
1.0,0.9248736,0.8347498,0.67634606,0.58695185,4872
1.0,0.9403914,0.83872956,0.6950796,0.5516219,4880
1.0,0.99717563,0.9874837,0.97395253,0.9389909,4883
1.0,0.9985012,0.98995817,0.96437293,0.92618436,4887
1.0,0.934362,0.8056918,0.7039559,0.5906938,4888
1.0,0.9904391,0.9695802,0.9431274,0.88556397,4890
1.0,0.9409913,0.83920985,0.74811023,0.6865563,4897
1.0,0.9917735,0.9624483,0.9317682,0.87961197,4898
1.0,0.99713516,0.9867302,0.9637786,0.9315908,4899
1.0,0.9682,0.84300965,0.74391866,0.5752755,4907
1.0,0.99016756,0.959602,0.9026911,0.8596752,4908
1.0,0.9998529,0.99758744,0.98834246,0.97556156,4909
1.0,0.81088966,0.6182738,0.43666965,0.3255195,4910
1.0,0.90707326,0.72127396,0.57039046,0.43089405,4912
1.0,0.9991131,0.98273396,0.96557623,0.9346492,4924
1.0,0.9694684,0.92159635,0.87713045,0.78272504,4940
1.0,0.99962497,0.99400693,0.9819835,0.96919614,4942
1.0,0.9109694,0.7766467,0.65767646,0.5475698,4943
1.0,0.95904243,0.88217,0.8115964,0.69582784,4944
1.0,0.97330546,0.90076596,0.7828572,0.7084536,4946
1.0,0.9398109,0.7944067,0.6260734,0.52435315,4947
1.0,0.8785146,0.7694018,0.6977785,0.60997784,4949
1.0,0.92064166,0.68703985,0.5630656,0.42166832,4953
1.0,0.96979266,0.9110492,0.82956743,0.6562376,4958
1.0,0.9984419,0.9889469,0.9723356,0.9522705,4959
1.0,0.9944381,0.95592904,0.8988621,0.83877176,4960
1.0,0.88926816,0.65959203,0.5281178,0.40020984,4961
1.0,0.9927786,0.977552,0.94421935,0.90081614,4963
1.0,0.98985267,0.96502435,0.9342302,0.90144235,4964
1.0,0.7231901,0.51663625,0.31627023,0.16996184,4965
1.0,0.9990484,0.9882057,0.9740899,0.9477501,4966
1.0,0.9825795,0.94699985,0.8982485,0.81380236,4969
1.0,0.97544104,0.91460115,0.8758637,0.7652861,4973
1.0,0.9984494,0.97785753,0.9608913,0.9262739,4974
1.0,0.9669216,0.9138995,0.8353459,0.77881336,4975
1.0,0.9909938,0.95780915,0.9159702,0.87457,4978
1.0,0.9994468,0.9939903,0.98250437,0.9595831,4983
1.0,0.99925226,0.9912226,0.9824458,0.95727885,4986
1.0,0.8298447,0.67639416,0.5352449,0.41721082,4987
1.0,0.8164651,0.64018065,0.5007801,0.36441174,4990
1.0,0.99695265,0.97759587,0.9540648,0.91756374,4992
1.0,0.9615377,0.84867364,0.7052478,0.6046821,4994
1.0,0.9961546,0.9835086,0.9610108,0.92281836,4998
